1.0000e+02 1.0000e+00
3.2163e+03 1.0000e+00
4.0752e+03 1.0000e+00
4.9352e+03 1.0000e+00
5.7962e+03 1.0000e+00
6.6582e+03 1.0000e+00
7.5213e+03 9.9999e-01
8.3854e+03 9.9993e-01
9.2505e+03 9.9955e-01
1.0117e+04 9.9782e-01
1.0984e+04 9.9174e-01
1.1852e+04 9.7431e-01
1.2721e+04 9.3293e-01
1.3592e+04 8.5206e-01
1.4463e+04 7.2496e-01
1.5335e+04 5.6734e-01
1.6209e+04 4.1171e-01
1.7083e+04 2.8395e-01
1.7959e+04 1.9129e-01
1.8836e+04 1.2855e-01
1.9713e+04 8.7272e-02
2.0592e+04 6.0256e-02
2.1472e+04 4.2425e-02
2.2353e+04 3.0477e-02
2.3235e+04 2.2328e-02
2.4117e+04 1.6664e-02
2.5001e+04 1.2653e-02
2.5887e+04 9.7631e-03
2.6773e+04 7.6449e-03
2.7660e+04 6.0679e-03
2.8548e+04 4.8767e-03
2.9437e+04 3.9645e-03
3.0328e+04 3.2571e-03
3.1219e+04 2.7022e-03
3.2112e+04 2.2621e-03
3.3005e+04 1.9095e-03
3.3900e+04 1.6244e-03
3.4796e+04 1.3918e-03
3.5692e+04 1.2005e-03
3.6590e+04 1.0419e-03
3.7489e+04 9.0960e-04
3.8389e+04 7.9840e-04
3.9290e+04 7.0437e-04
4.0193e+04 6.2438e-04
4.1096e+04 5.5597e-04
4.2000e+04 4.9714e-04
4.2906e+04 4.4630e-04
4.3812e+04 4.0217e-04
4.4720e+04 3.6368e-04
4.5629e+04 3.2997e-04
4.6538e+04 3.0034e-04
4.7449e+04 2.7418e-04
4.8361e+04 2.5102e-04
4.9274e+04 2.3043e-04
5.0188e+04 2.1207e-04
5.1104e+04 1.9565e-04
5.2020e+04 1.8092e-04
5.2938e+04 1.6767e-04
5.3856e+04 1.5572e-04
5.4776e+04 1.4491e-04
5.5697e+04 1.3511e-04
5.6618e+04 1.2620e-04
5.7541e+04 1.1809e-04
5.8465e+04 1.1068e-04
5.9391e+04 1.0391e-04
6.0317e+04 9.7702e-05
6.1244e+04 9.2001e-05
6.2173e+04 8.6755e-05
6.3102e+04 8.1920e-05
6.4033e+04 7.7456e-05
6.4965e+04 7.3328e-05
6.5898e+04 6.9504e-05
6.6832e+04 6.5956e-05
6.7767e+04 6.2660e-05
6.8704e+04 5.9593e-05
6.9641e+04 5.6736e-05
7.0580e+04 5.4070e-05
7.1519e+04 5.1580e-05
7.2460e+04 4.9250e-05
7.3402e+04 4.7069e-05
7.4345e+04 4.5024e-05
7.5290e+04 4.3104e-05
7.6235e+04 4.1300e-05
7.7181e+04 3.9603e-05
7.8129e+04 3.8004e-05
7.9078e+04 3.6498e-05
8.0028e+04 3.5077e-05
8.0979e+04 3.3734e-05
8.1931e+04 3.2465e-05
8.2884e+04 3.1264e-05
8.3839e+04 3.0127e-05
8.4794e+04 2.9050e-05
8.5751e+04 2.8027e-05
8.6709e+04 2.7057e-05
8.7668e+04 2.6135e-05
8.8628e+04 2.5258e-05
8.9590e+04 2.4424e-05
9.0552e+04 2.3630e-05
9.1516e+04 2.2873e-05
9.2481e+04 2.2152e-05
9.3447e+04 2.1463e-05
9.4414e+04 2.0806e-05
9.5382e+04 2.0178e-05
9.6352e+04 1.9578e-05
9.7322e+04 1.9004e-05
9.8294e+04 1.8454e-05
9.9267e+04 1.7928e-05
1.0024e+05 1.7424e-05
1.0122e+05 1.6940e-05
1.0219e+05 1.6477e-05
1.0317e+05 1.6032e-05
1.0415e+05 1.5604e-05
1.0513e+05 1.5194e-05
1.0611e+05 1.4799e-05
1.0709e+05 1.4420e-05
1.0808e+05 1.4055e-05
1.0906e+05 1.3704e-05
1.1005e+05 1.3365e-05
1.1103e+05 1.3039e-05
1.1202e+05 1.2725e-05
1.1301e+05 1.2423e-05
1.1400e+05 1.2130e-05
1.1499e+05 1.1849e-05
1.1599e+05 1.1577e-05
1.1698e+05 1.1314e-05
1.1798e+05 1.1060e-05
1.1897e+05 1.0815e-05
1.1997e+05 1.0577e-05
1.2097e+05 1.0348e-05
1.2197e+05 1.0126e-05
1.2297e+05 9.9113e-06
1.2397e+05 9.7033e-06
1.2498e+05 9.5020e-06
1.2598e+05 9.3069e-06
1.2699e+05 9.1178e-06
1.2800e+05 8.9345e-06
1.2900e+05 8.7568e-06
1.3001e+05 8.5844e-06
1.3103e+05 8.4171e-06
1.3204e+05 8.2548e-06
1.3305e+05 8.0972e-06
1.3407e+05 7.9441e-06
1.3508e+05 7.7955e-06
1.3610e+05 7.6510e-06
1.3712e+05 7.5106e-06
1.3814e+05 7.3741e-06
1.3916e+05 7.2414e-06
1.4018e+05 7.1123e-06
1.4120e+05 6.9867e-06
1.4223e+05 6.8645e-06
1.4325e+05 6.7455e-06
1.4428e+05 6.6297e-06
1.4531e+05 6.5169e-06
1.4634e+05 6.4070e-06
1.4737e+05 6.3000e-06
1.4840e+05 6.1957e-06
1.4943e+05 6.0940e-06
1.5047e+05 5.9949e-06
1.5150e+05 5.8982e-06
1.5254e+05 5.8039e-06
1.5358e+05 5.7120e-06
1.5462e+05 5.6222e-06
1.5566e+05 5.5346e-06
1.5670e+05 5.4492e-06
1.5774e+05 5.3657e-06
1.5878e+05 5.2842e-06
1.5983e+05 5.2046e-06
1.6088e+05 5.1268e-06
1.6193e+05 5.0509e-06
1.6297e+05 4.9766e-06
1.6402e+05 4.9041e-06
1.6508e+05 4.8331e-06
1.6613e+05 4.7638e-06
1.6718e+05 4.6960e-06
1.6824e+05 4.6296e-06
1.6930e+05 4.5647e-06
1.7035e+05 4.5013e-06
1.7141e+05 4.4391e-06
1.7247e+05 4.3783e-06
1.7354e+05 4.3188e-06
1.7460e+05 4.2606e-06
1.7566e+05 4.2035e-06
1.7673e+05 4.1476e-06
1.7780e+05 4.0929e-06
1.7886e+05 4.0393e-06
1.7993e+05 3.9868e-06
1.8101e+05 3.9353e-06
1.8208e+05 3.8849e-06
1.8315e+05 3.8355e-06
1.8423e+05 3.7870e-06
1.8530e+05 3.7395e-06
1.8638e+05 3.6929e-06
1.8746e+05 3.6473e-06
1.8854e+05 3.6025e-06
1.8962e+05 3.5585e-06
1.9070e+05 3.5154e-06
1.9178e+05 3.4731e-06
1.9287e+05 3.4316e-06
1.9396e+05 3.3908e-06
1.9504e+05 3.3508e-06
1.9613e+05 3.3116e-06
1.9722e+05 3.2730e-06
1.9831e+05 3.2352e-06
1.9941e+05 3.1980e-06
2.0050e+05 3.1615e-06
2.0160e+05 3.1257e-06
2.0269e+05 3.0905e-06
2.0379e+05 3.0559e-06
2.0489e+05 3.0219e-06
2.0599e+05 2.9885e-06
2.0709e+05 2.9556e-06
2.0820e+05 2.9234e-06
2.0930e+05 2.8917e-06
2.1041e+05 2.8605e-06
2.1152e+05 2.8298e-06
2.1262e+05 2.7997e-06
2.1374e+05 2.7701e-06
2.1485e+05 2.7409e-06
2.1596e+05 2.7122e-06
2.1707e+05 2.6840e-06
2.1819e+05 2.6563e-06
2.1931e+05 2.6290e-06
2.2042e+05 2.6022e-06
2.2154e+05 2.5757e-06
2.2266e+05 2.5497e-06
2.2379e+05 2.5241e-06
2.2491e+05 2.4989e-06
2.2603e+05 2.4741e-06
2.2716e+05 2.4497e-06
2.2829e+05 2.4257e-06
2.2942e+05 2.4020e-06
2.3055e+05 2.3787e-06
2.3168e+05 2.3558e-06
2.3281e+05 2.3332e-06
2.3395e+05 2.3109e-06
2.3508e+05 2.2890e-06
2.3622e+05 2.2674e-06
2.3736e+05 2.2461e-06
2.3850e+05 2.2251e-06
2.3964e+05 2.2044e-06
2.4078e+05 2.1841e-06
2.4192e+05 2.1640e-06
2.4307e+05 2.1442e-06
2.4421e+05 2.1247e-06
2.4536e+05 2.1055e-06
2.4651e+05 2.0866e-06
2.4766e+05 2.0679e-06
2.4881e+05 2.0495e-06
2.4997e+05 2.0313e-06
2.5112e+05 2.0134e-06
2.5228e+05 1.9958e-06
2.5344e+05 1.9784e-06
2.5460e+05 1.9612e-06
2.5576e+05 1.9443e-06
2.5692e+05 1.9276e-06
2.5808e+05 1.9111e-06
2.5925e+05 1.8948e-06
2.6041e+05 1.8788e-06
2.6158e+05 1.8629e-06
2.6275e+05 1.8473e-06
2.6392e+05 1.8319e-06
2.6509e+05 1.8167e-06
2.6626e+05 1.8017e-06
2.6744e+05 1.7869e-06
2.6861e+05 1.7722e-06
2.6979e+05 1.7578e-06
2.7097e+05 1.7436e-06
2.7215e+05 1.7295e-06
2.7333e+05 1.7156e-06
2.7451e+05 1.7019e-06
2.7570e+05 1.6883e-06
2.7688e+05 1.6750e-06
2.7807e+05 1.6618e-06
2.7926e+05 1.6487e-06
2.8045e+05 1.6358e-06
2.8164e+05 1.6231e-06
2.8283e+05 1.6106e-06
2.8403e+05 1.5981e-06
2.8522e+05 1.5859e-06
2.8642e+05 1.5738e-06
2.8762e+05 1.5618e-06
2.8882e+05 1.5500e-06
2.9002e+05 1.5383e-06
2.9122e+05 1.5268e-06
2.9243e+05 1.5154e-06
2.9363e+05 1.5041e-06
2.9484e+05 1.4929e-06
2.9605e+05 1.4819e-06
2.9726e+05 1.4710e-06
2.9847e+05 1.4603e-06
2.9968e+05 1.4497e-06
3.0090e+05 1.4391e-06
3.0211e+05 1.4288e-06
3.0333e+05 1.4185e-06
3.0455e+05 1.4083e-06
3.0577e+05 1.3983e-06
3.0699e+05 1.3884e-06
3.0822e+05 1.3785e-06
3.0944e+05 1.3688e-06
3.1067e+05 1.3592e-06
3.1189e+05 1.3497e-06
3.1312e+05 1.3404e-06
3.1435e+05 1.3311e-06
3.1559e+05 1.3219e-06
3.1682e+05 1.3128e-06
3.1805e+05 1.3038e-06
3.1929e+05 1.2949e-06
3.2053e+05 1.2861e-06
3.2177e+05 1.2774e-06
3.2301e+05 1.2688e-06
3.2425e+05 1.2603e-06
3.2549e+05 1.2519e-06
3.2674e+05 1.2436e-06
3.2799e+05 1.2353e-06
3.2924e+05 1.2272e-06
3.3049e+05 1.2191e-06
3.3174e+05 1.2111e-06
3.3299e+05 1.2032e-06
3.3424e+05 1.1954e-06
3.3550e+05 1.1876e-06
3.3676e+05 1.1800e-06
3.3802e+05 1.1724e-06
3.3928e+05 1.1648e-06
3.4054e+05 1.1574e-06
3.4180e+05 1.1501e-06
3.4307e+05 1.1428e-06
3.4433e+05 1.1355e-06
3.4560e+05 1.1284e-06
3.4687e+05 1.1213e-06
3.4814e+05 1.1143e-06
3.4941e+05 1.1074e-06
3.5069e+05 1.1005e-06
3.5196e+05 1.0937e-06
3.5324e+05 1.0870e-06
3.5452e+05 1.0803e-06
3.5580e+05 1.0737e-06
3.5708e+05 1.0672e-06
3.5837e+05 1.0607e-06
3.5965e+05 1.0543e-06
3.6094e+05 1.0480e-06
3.6222e+05 1.0417e-06
3.6351e+05 1.0354e-06
3.6481e+05 1.0293e-06
3.6610e+05 1.0232e-06
3.6739e+05 1.0171e-06
3.6869e+05 1.0111e-06
3.6998e+05 1.0052e-06
3.7128e+05 9.9927e-07
3.7258e+05 9.9343e-07
3.7389e+05 9.8765e-07
3.7519e+05 9.8192e-07
3.7649e+05 9.7625e-07
3.7780e+05 9.7063e-07
3.7911e+05 9.6505e-07
3.8042e+05 9.5953e-07
3.8173e+05 9.5406e-07
3.8304e+05 9.4864e-07
3.8436e+05 9.4326e-07
3.8567e+05 9.3794e-07
3.8699e+05 9.3266e-07
3.8831e+05 9.2743e-07
3.8963e+05 9.2224e-07
3.9095e+05 9.1710e-07
3.9228e+05 9.1201e-07
3.9360e+05 9.0696e-07
3.9493e+05 9.0195e-07
3.9626e+05 8.9699e-07
3.9759e+05 8.9207e-07
3.9892e+05 8.8719e-07
4.0025e+05 8.8236e-07
4.0159e+05 8.7757e-07
4.0293e+05 8.7281e-07
4.0426e+05 8.6810e-07
4.0560e+05 8.6343e-07
4.0694e+05 8.5880e-07
4.0829e+05 8.5421e-07
4.0963e+05 8.4965e-07
4.1098e+05 8.4514e-07
4.1233e+05 8.4066e-07
4.1368e+05 8.3622e-07
4.1503e+05 8.3182e-07
4.1638e+05 8.2745e-07
4.1773e+05 8.2312e-07
4.1909e+05 8.1883e-07
4.2045e+05 8.1457e-07
4.2181e+05 8.1034e-07
4.2317e+05 8.0615e-07
4.2453e+05 8.0200e-07
4.2590e+05 7.9788e-07
4.2726e+05 7.9379e-07
4.2863e+05 7.8973e-07
4.3000e+05 7.8571e-07
4.3137e+05 7.8172e-07
4.3274e+05 7.7776e-07
4.3411e+05 7.7383e-07
4.3549e+05 7.6994e-07
4.3687e+05 7.6607e-07
4.3825e+05 7.6224e-07
4.3963e+05 7.5843e-07
4.4101e+05 7.5466e-07
4.4239e+05 7.5092e-07
4.4378e+05 7.4720e-07
4.4517e+05 7.4351e-07
4.4656e+05 7.3986e-07
4.4795e+05 7.3623e-07
4.4934e+05 7.3263e-07
4.5073e+05 7.2905e-07
4.5213e+05 7.2551e-07
4.5352e+05 7.2199e-07
4.5492e+05 7.1849e-07
4.5632e+05 7.1503e-07
4.5773e+05 7.1159e-07
4.5913e+05 7.0818e-07
4.6054e+05 7.0479e-07
4.6194e+05 7.0143e-07
4.6335e+05 6.9809e-07
4.6476e+05 6.9478e-07
4.6618e+05 6.9149e-07
4.6759e+05 6.8823e-07
4.6901e+05 6.8499e-07
4.7042e+05 6.8177e-07
4.7184e+05 6.7858e-07
4.7326e+05 6.7542e-07
4.7469e+05 6.7227e-07
4.7611e+05 6.6915e-07
4.7754e+05 6.6605e-07
4.7896e+05 6.6298e-07
4.8039e+05 6.5992e-07
4.8182e+05 6.5689e-07
4.8326e+05 6.5388e-07
4.8469e+05 6.5090e-07
4.8613e+05 6.4793e-07
4.8757e+05 6.4498e-07
4.8901e+05 6.4206e-07
4.9045e+05 6.3916e-07
4.9189e+05 6.3627e-07
4.9334e+05 6.3341e-07
4.9478e+05 6.3057e-07
4.9623e+05 6.2775e-07
4.9768e+05 6.2495e-07
4.9913e+05 6.2216e-07
5.0059e+05 6.1940e-07
5.0204e+05 6.1666e-07
5.0350e+05 6.1393e-07
5.0496e+05 6.1123e-07
5.0642e+05 6.0854e-07
5.0788e+05 6.0587e-07
5.0934e+05 6.0322e-07
5.1081e+05 6.0059e-07
5.1228e+05 5.9797e-07
5.1375e+05 5.9538e-07
5.1522e+05 5.9280e-07
5.1669e+05 5.9024e-07
5.1817e+05 5.8770e-07
5.1964e+05 5.8517e-07
5.2112e+05 5.8266e-07
5.2260e+05 5.8017e-07
5.2408e+05 5.7769e-07
5.2557e+05 5.7523e-07
5.2705e+05 5.7279e-07
5.2854e+05 5.7036e-07
5.3003e+05 5.6795e-07
5.3152e+05 5.6556e-07
5.3301e+05 5.6318e-07
5.3451e+05 5.6081e-07
5.3600e+05 5.5847e-07
5.3750e+05 5.5613e-07
5.3900e+05 5.5382e-07
5.4050e+05 5.5152e-07
5.4200e+05 5.4923e-07
5.4351e+05 5.4696e-07
5.4502e+05 5.4470e-07
5.4652e+05 5.4246e-07
5.4803e+05 5.4023e-07
5.4955e+05 5.3801e-07
5.5106e+05 5.3581e-07
5.5258e+05 5.3363e-07
5.5409e+05 5.3146e-07
5.5561e+05 5.2930e-07
5.5714e+05 5.2715e-07
5.5866e+05 5.2502e-07
5.6018e+05 5.2291e-07
5.6171e+05 5.2080e-07
5.6324e+05 5.1871e-07
5.6477e+05 5.1663e-07
5.6630e+05 5.1457e-07
5.6784e+05 5.1252e-07
5.6937e+05 5.1048e-07
5.7091e+05 5.0845e-07
5.7245e+05 5.0644e-07
5.7399e+05 5.0444e-07
5.7553e+05 5.0245e-07
5.7708e+05 5.0047e-07
5.7863e+05 4.9851e-07
5.8018e+05 4.9656e-07
5.8173e+05 4.9461e-07
5.8328e+05 4.9269e-07
5.8483e+05 4.9077e-07
5.8639e+05 4.8886e-07
5.8795e+05 4.8697e-07
5.8951e+05 4.8509e-07
5.9107e+05 4.8322e-07
5.9263e+05 4.8136e-07
5.9420e+05 4.7951e-07
5.9577e+05 4.7767e-07
5.9734e+05 4.7584e-07
5.9891e+05 4.7403e-07
6.0048e+05 4.7222e-07
6.0206e+05 4.7043e-07
6.0363e+05 4.6864e-07
6.0521e+05 4.6687e-07
6.0679e+05 4.6511e-07
6.0838e+05 4.6336e-07
6.0996e+05 4.6161e-07
6.1155e+05 4.5988e-07
6.1314e+05 4.5816e-07
6.1473e+05 4.5645e-07
6.1632e+05 4.5475e-07
6.1791e+05 4.5306e-07
6.1951e+05 4.5137e-07
6.2111e+05 4.4970e-07
6.2271e+05 4.4804e-07
6.2431e+05 4.4639e-07
6.2591e+05 4.4474e-07
6.2752e+05 4.4311e-07
6.2913e+05 4.4148e-07
6.3074e+05 4.3987e-07
6.3235e+05 4.3826e-07
6.3396e+05 4.3666e-07
6.3558e+05 4.3507e-07
6.3719e+05 4.3349e-07
6.3881e+05 4.3192e-07
6.4043e+05 4.3036e-07
6.4206e+05 4.2881e-07
6.4368e+05 4.2727e-07
6.4531e+05 4.2573e-07
6.4694e+05 4.2420e-07
6.4857e+05 4.2268e-07
6.5020e+05 4.2117e-07
6.5184e+05 4.1967e-07
6.5347e+05 4.1818e-07
6.5511e+05 4.1669e-07
6.5675e+05 4.1522e-07
6.5839e+05 4.1375e-07
6.6004e+05 4.1229e-07
6.6169e+05 4.1083e-07
6.6333e+05 4.0939e-07
6.6499e+05 4.0795e-07
6.6664e+05 4.0652e-07
6.6829e+05 4.0510e-07
6.6995e+05 4.0369e-07
6.7161e+05 4.0228e-07
6.7327e+05 4.0088e-07
6.7493e+05 3.9949e-07
6.7659e+05 3.9811e-07
6.7826e+05 3.9673e-07
6.7993e+05 3.9536e-07
6.8160e+05 3.9400e-07
6.8327e+05 3.9265e-07
6.8495e+05 3.9130e-07
6.8662e+05 3.8996e-07
6.8830e+05 3.8863e-07
6.8998e+05 3.8730e-07
6.9166e+05 3.8598e-07
6.9335e+05 3.8467e-07
6.9504e+05 3.8336e-07
6.9672e+05 3.8207e-07
6.9841e+05 3.8078e-07
7.0011e+05 3.7949e-07
7.0180e+05 3.7821e-07
7.0350e+05 3.7694e-07
7.0520e+05 3.7568e-07
7.0690e+05 3.7442e-07
7.0860e+05 3.7317e-07
7.1031e+05 3.7192e-07
7.1201e+05 3.7068e-07
7.1372e+05 3.6945e-07
7.1543e+05 3.6822e-07
7.1715e+05 3.6700e-07
7.1886e+05 3.6579e-07
7.2058e+05 3.6458e-07
7.2230e+05 3.6338e-07
7.2402e+05 3.6219e-07
7.2574e+05 3.6100e-07
7.2747e+05 3.5981e-07
7.2919e+05 3.5864e-07
7.3092e+05 3.5747e-07
7.3266e+05 3.5630e-07
7.3439e+05 3.5514e-07
7.3612e+05 3.5399e-07
7.3786e+05 3.5284e-07
7.3960e+05 3.5170e-07
7.4134e+05 3.5056e-07
7.4309e+05 3.4943e-07
7.4483e+05 3.4830e-07
7.4658e+05 3.4718e-07
7.4833e+05 3.4607e-07
7.5009e+05 3.4496e-07
7.5184e+05 3.4386e-07
7.5360e+05 3.4276e-07
7.5536e+05 3.4167e-07
7.5712e+05 3.4058e-07
7.5888e+05 3.3950e-07
7.6065e+05 3.3842e-07
7.6241e+05 3.3735e-07
7.6418e+05 3.3628e-07
7.6595e+05 3.3522e-07
7.6773e+05 3.3417e-07
7.6950e+05 3.3312e-07
7.7128e+05 3.3207e-07
7.7306e+05 3.3103e-07
7.7484e+05 3.2999e-07
7.7663e+05 3.2896e-07
7.7841e+05 3.2794e-07
7.8020e+05 3.2692e-07
7.8199e+05 3.2590e-07
7.8379e+05 3.2489e-07
7.8558e+05 3.2388e-07
7.8738e+05 3.2288e-07
7.8918e+05 3.2189e-07
7.9098e+05 3.2089e-07
7.9278e+05 3.1991e-07
7.9459e+05 3.1892e-07
7.9640e+05 3.1795e-07
7.9821e+05 3.1697e-07
8.0002e+05 3.1600e-07
8.0183e+05 3.1504e-07
8.0365e+05 3.1408e-07
8.0547e+05 3.1312e-07
8.0729e+05 3.1217e-07
8.0911e+05 3.1122e-07
8.1094e+05 3.1028e-07
8.1276e+05 3.0934e-07
8.1459e+05 3.0841e-07
8.1643e+05 3.0748e-07
8.1826e+05 3.0656e-07
8.2010e+05 3.0564e-07
8.2194e+05 3.0472e-07
8.2378e+05 3.0381e-07
8.2562e+05 3.0290e-07
8.2746e+05 3.0199e-07
8.2931e+05 3.0109e-07
8.3116e+05 3.0020e-07
8.3301e+05 2.9931e-07
8.3487e+05 2.9842e-07
8.3672e+05 2.9754e-07
8.3858e+05 2.9666e-07
8.4044e+05 2.9578e-07
8.4231e+05 2.9491e-07
8.4417e+05 2.9404e-07
8.4604e+05 2.9318e-07
8.4791e+05 2.9232e-07
8.4978e+05 2.9146e-07
8.5165e+05 2.9061e-07
8.5353e+05 2.8976e-07
8.5541e+05 2.8891e-07
8.5729e+05 2.8807e-07
8.5917e+05 2.8723e-07
8.6106e+05 2.8640e-07
8.6295e+05 2.8557e-07
8.6484e+05 2.8474e-07
8.6673e+05 2.8392e-07
8.6862e+05 2.8310e-07
8.7052e+05 2.8229e-07
8.7242e+05 2.8147e-07
8.7432e+05 2.8066e-07
8.7622e+05 2.7986e-07
8.7813e+05 2.7906e-07
8.8004e+05 2.7826e-07
8.8195e+05 2.7747e-07
8.8386e+05 2.7667e-07
8.8577e+05 2.7589e-07
8.8769e+05 2.7510e-07
8.8961e+05 2.7432e-07
8.9153e+05 2.7354e-07
8.9346e+05 2.7277e-07
8.9538e+05 2.7200e-07
8.9731e+05 2.7123e-07
8.9924e+05 2.7047e-07
9.0118e+05 2.6971e-07
9.0311e+05 2.6895e-07
9.0505e+05 2.6819e-07
9.0699e+05 2.6744e-07
9.0893e+05 2.6669e-07
9.1088e+05 2.6595e-07
9.1283e+05 2.6521e-07
9.1478e+05 2.6447e-07
9.1673e+05 2.6373e-07
9.1868e+05 2.6300e-07
9.2064e+05 2.6227e-07
9.2260e+05 2.6154e-07
9.2456e+05 2.6082e-07
9.2652e+05 2.6010e-07
9.2849e+05 2.5938e-07
9.3046e+05 2.5867e-07
9.3243e+05 2.5795e-07
9.3440e+05 2.5725e-07
9.3638e+05 2.5654e-07
9.3836e+05 2.5584e-07
9.4034e+05 2.5514e-07
9.4232e+05 2.5444e-07
9.4430e+05 2.5375e-07
9.4629e+05 2.5306e-07
9.4828e+05 2.5237e-07
9.5027e+05 2.5168e-07
9.5227e+05 2.5100e-07
9.5427e+05 2.5032e-07
9.5627e+05 2.4964e-07
9.5827e+05 2.4897e-07
9.6027e+05 2.4830e-07
9.6228e+05 2.4763e-07
9.6429e+05 2.4696e-07
9.6630e+05 2.4630e-07
9.6831e+05 2.4564e-07
9.7033e+05 2.4498e-07
9.7235e+05 2.4432e-07
9.7437e+05 2.4367e-07
9.7639e+05 2.4302e-07
9.7842e+05 2.4237e-07
9.8045e+05 2.4173e-07
9.8248e+05 2.4108e-07
9.8451e+05 2.4044e-07
9.8655e+05 2.3981e-07
9.8858e+05 2.3917e-07
9.9062e+05 2.3854e-07
9.9267e+05 2.3791e-07
9.9471e+05 2.3728e-07
9.9676e+05 2.3666e-07
9.9881e+05 2.3603e-07
1.0009e+06 2.3541e-07
1.0029e+06 2.3480e-07
1.0050e+06 2.3418e-07
1.0070e+06 2.3357e-07
1.0091e+06 2.3296e-07
1.0112e+06 2.3235e-07
1.0132e+06 2.3175e-07
1.0153e+06 2.3114e-07
1.0174e+06 2.3054e-07
1.0195e+06 2.2994e-07
1.0215e+06 2.2935e-07
1.0236e+06 2.2875e-07
1.0257e+06 2.2816e-07
1.0278e+06 2.2757e-07
1.0299e+06 2.2698e-07
1.0320e+06 2.2640e-07
1.0340e+06 2.2582e-07
1.0361e+06 2.2524e-07
1.0382e+06 2.2466e-07
1.0403e+06 2.2408e-07
1.0424e+06 2.2351e-07
1.0445e+06 2.2294e-07
1.0467e+06 2.2237e-07
1.0488e+06 2.2180e-07
1.0509e+06 2.2124e-07
1.0530e+06 2.2067e-07
1.0551e+06 2.2011e-07
1.0572e+06 2.1955e-07
1.0594e+06 2.1900e-07
1.0615e+06 2.1844e-07
1.0636e+06 2.1789e-07
1.0657e+06 2.1734e-07
1.0679e+06 2.1679e-07
1.0700e+06 2.1625e-07
1.0721e+06 2.1570e-07
1.0743e+06 2.1516e-07
1.0764e+06 2.1462e-07
1.0786e+06 2.1408e-07
1.0807e+06 2.1355e-07
1.0829e+06 2.1301e-07
1.0850e+06 2.1248e-07
1.0872e+06 2.1195e-07
1.0893e+06 2.1142e-07
1.0915e+06 2.1090e-07
1.0937e+06 2.1037e-07
1.0958e+06 2.0985e-07
1.0980e+06 2.0933e-07
1.1002e+06 2.0881e-07
1.1024e+06 2.0830e-07
1.1045e+06 2.0778e-07
1.1067e+06 2.0727e-07
1.1089e+06 2.0676e-07
1.1111e+06 2.0625e-07
1.1133e+06 2.0574e-07
1.1155e+06 2.0524e-07
1.1176e+06 2.0473e-07
1.1198e+06 2.0423e-07
1.1220e+06 2.0373e-07
1.1242e+06 2.0323e-07
1.1264e+06 2.0274e-07
1.1286e+06 2.0224e-07
1.1309e+06 2.0175e-07
1.1331e+06 2.0126e-07
1.1353e+06 2.0077e-07
1.1375e+06 2.0028e-07
1.1397e+06 1.9980e-07
1.1419e+06 1.9931e-07
1.1442e+06 1.9883e-07
1.1464e+06 1.9835e-07
1.1486e+06 1.9787e-07
1.1509e+06 1.9739e-07
1.1531e+06 1.9692e-07
1.1553e+06 1.9645e-07
1.1576e+06 1.9597e-07
1.1598e+06 1.9550e-07
1.1621e+06 1.9504e-07
1.1643e+06 1.9457e-07
1.1666e+06 1.9410e-07
1.1688e+06 1.9364e-07
1.1711e+06 1.9318e-07
1.1733e+06 1.9272e-07
1.1756e+06 1.9226e-07
1.1779e+06 1.9180e-07
1.1801e+06 1.9135e-07
1.1824e+06 1.9089e-07
1.1847e+06 1.9044e-07
1.1869e+06 1.8999e-07
1.1892e+06 1.8954e-07
1.1915e+06 1.8909e-07
1.1938e+06 1.8864e-07
1.1961e+06 1.8820e-07
1.1984e+06 1.8776e-07
1.2007e+06 1.8732e-07
1.2029e+06 1.8688e-07
1.2052e+06 1.8644e-07
1.2075e+06 1.8600e-07
1.2098e+06 1.8556e-07
1.2122e+06 1.8513e-07
1.2145e+06 1.8470e-07
1.2168e+06 1.8427e-07
1.2191e+06 1.8384e-07
1.2214e+06 1.8341e-07
1.2237e+06 1.8298e-07
1.2260e+06 1.8256e-07
1.2284e+06 1.8213e-07
1.2307e+06 1.8171e-07
1.2330e+06 1.8129e-07
1.2354e+06 1.8087e-07
1.2377e+06 1.8045e-07
1.2400e+06 1.8004e-07
1.2424e+06 1.7962e-07
1.2447e+06 1.7921e-07
1.2471e+06 1.7880e-07
1.2494e+06 1.7838e-07
1.2518e+06 1.7797e-07
1.2541e+06 1.7757e-07
1.2565e+06 1.7716e-07
1.2589e+06 1.7675e-07
1.2612e+06 1.7635e-07
1.2636e+06 1.7595e-07
1.2660e+06 1.7555e-07
1.2683e+06 1.7515e-07
1.2707e+06 1.7475e-07
1.2731e+06 1.7435e-07
1.2755e+06 1.7395e-07
1.2779e+06 1.7356e-07
1.2802e+06 1.7316e-07
1.2826e+06 1.7277e-07
1.2850e+06 1.7238e-07
1.2874e+06 1.7199e-07
1.2898e+06 1.7160e-07
1.2922e+06 1.7122e-07
1.2946e+06 1.7083e-07
1.2970e+06 1.7045e-07
1.2994e+06 1.7006e-07
1.3019e+06 1.6968e-07
1.3043e+06 1.6930e-07
1.3067e+06 1.6892e-07
1.3091e+06 1.6854e-07
1.3115e+06 1.6816e-07
1.3140e+06 1.6779e-07
1.3164e+06 1.6741e-07
1.3188e+06 1.6704e-07
1.3213e+06 1.6667e-07
1.3237e+06 1.6630e-07
1.3262e+06 1.6593e-07
1.3286e+06 1.6556e-07
1.3310e+06 1.6519e-07
1.3335e+06 1.6482e-07
1.3359e+06 1.6446e-07
1.3384e+06 1.6409e-07
1.3409e+06 1.6373e-07
1.3433e+06 1.6337e-07
1.3458e+06 1.6301e-07
1.3483e+06 1.6265e-07
1.3507e+06 1.6229e-07
1.3532e+06 1.6194e-07
1.3557e+06 1.6158e-07
1.3582e+06 1.6122e-07
1.3607e+06 1.6087e-07
1.3631e+06 1.6052e-07
1.3656e+06 1.6017e-07
1.3681e+06 1.5982e-07
1.3706e+06 1.5947e-07
1.3731e+06 1.5912e-07
1.3756e+06 1.5877e-07
1.3781e+06 1.5843e-07
1.3806e+06 1.5808e-07
1.3831e+06 1.5774e-07
1.3857e+06 1.5739e-07
1.3882e+06 1.5705e-07
1.3907e+06 1.5671e-07
1.3932e+06 1.5637e-07
1.3957e+06 1.5603e-07
1.3983e+06 1.5570e-07
1.4008e+06 1.5536e-07
1.4033e+06 1.5503e-07
1.4059e+06 1.5469e-07
1.4084e+06 1.5436e-07
1.4110e+06 1.5403e-07
1.4135e+06 1.5369e-07
1.4161e+06 1.5336e-07
1.4186e+06 1.5304e-07
1.4212e+06 1.5271e-07
1.4237e+06 1.5238e-07
1.4263e+06 1.5205e-07
1.4289e+06 1.5173e-07
1.4314e+06 1.5141e-07
1.4340e+06 1.5108e-07
1.4366e+06 1.5076e-07
1.4391e+06 1.5044e-07
1.4417e+06 1.5012e-07
1.4443e+06 1.4980e-07
1.4469e+06 1.4948e-07
1.4495e+06 1.4916e-07
1.4521e+06 1.4885e-07
1.4547e+06 1.4853e-07
1.4573e+06 1.4822e-07
1.4599e+06 1.4790e-07
1.4625e+06 1.4759e-07
1.4651e+06 1.4728e-07
1.4677e+06 1.4697e-07
1.4703e+06 1.4666e-07
1.4729e+06 1.4635e-07
1.4756e+06 1.4604e-07
1.4782e+06 1.4574e-07
1.4808e+06 1.4543e-07
1.4834e+06 1.4513e-07
1.4861e+06 1.4482e-07
1.4887e+06 1.4452e-07
1.4914e+06 1.4422e-07
1.4940e+06 1.4392e-07
1.4966e+06 1.4361e-07
1.4993e+06 1.4332e-07
1.5019e+06 1.4302e-07
1.5046e+06 1.4272e-07
1.5073e+06 1.4242e-07
1.5099e+06 1.4213e-07
1.5126e+06 1.4183e-07
1.5153e+06 1.4154e-07
1.5179e+06 1.4124e-07
1.5206e+06 1.4095e-07
1.5233e+06 1.4066e-07
1.5260e+06 1.4037e-07
1.5287e+06 1.4008e-07
1.5313e+06 1.3979e-07
1.5340e+06 1.3950e-07
1.5367e+06 1.3921e-07
1.5394e+06 1.3893e-07
1.5421e+06 1.3864e-07
1.5448e+06 1.3836e-07
1.5475e+06 1.3807e-07
1.5503e+06 1.3779e-07
1.5530e+06 1.3751e-07
1.5557e+06 1.3722e-07
1.5584e+06 1.3694e-07
1.5611e+06 1.3666e-07
1.5639e+06 1.3638e-07
1.5666e+06 1.3611e-07
1.5693e+06 1.3583e-07
1.5721e+06 1.3555e-07
1.5748e+06 1.3528e-07
1.5775e+06 1.3500e-07
1.5803e+06 1.3473e-07
1.5830e+06 1.3445e-07
1.5858e+06 1.3418e-07
1.5885e+06 1.3391e-07
1.5913e+06 1.3364e-07
1.5941e+06 1.3337e-07
1.5968e+06 1.3310e-07
1.5996e+06 1.3283e-07
1.6024e+06 1.3256e-07
1.6052e+06 1.3229e-07
1.6079e+06 1.3202e-07
1.6107e+06 1.3176e-07
1.6135e+06 1.3149e-07
1.6163e+06 1.3123e-07
1.6191e+06 1.3097e-07
1.6219e+06 1.3070e-07
1.6247e+06 1.3044e-07
1.6275e+06 1.3018e-07
1.6303e+06 1.2992e-07
1.6331e+06 1.2966e-07
1.6359e+06 1.2940e-07
1.6387e+06 1.2914e-07
1.6416e+06 1.2888e-07
1.6444e+06 1.2863e-07
1.6472e+06 1.2837e-07
1.6500e+06 1.2811e-07
1.6529e+06 1.2786e-07
1.6557e+06 1.2761e-07
1.6586e+06 1.2735e-07
1.6614e+06 1.2710e-07
1.6642e+06 1.2685e-07
1.6671e+06 1.2660e-07
1.6699e+06 1.2635e-07
1.6728e+06 1.2610e-07
1.6757e+06 1.2585e-07
1.6785e+06 1.2560e-07
1.6814e+06 1.2535e-07
1.6843e+06 1.2510e-07
1.6871e+06 1.2486e-07
1.6900e+06 1.2461e-07
1.6929e+06 1.2436e-07
1.6958e+06 1.2412e-07
1.6987e+06 1.2388e-07
1.7016e+06 1.2363e-07
1.7045e+06 1.2339e-07
1.7074e+06 1.2315e-07
1.7103e+06 1.2291e-07
1.7132e+06 1.2267e-07
1.7161e+06 1.2243e-07
1.7190e+06 1.2219e-07
1.7219e+06 1.2195e-07
1.7248e+06 1.2171e-07
1.7278e+06 1.2147e-07
1.7307e+06 1.2124e-07
1.7336e+06 1.2100e-07
1.7365e+06 1.2077e-07
1.7395e+06 1.2053e-07
1.7424e+06 1.2030e-07
1.7454e+06 1.2007e-07
1.7483e+06 1.1983e-07
1.7513e+06 1.1960e-07
1.7542e+06 1.1937e-07
1.7572e+06 1.1914e-07
1.7601e+06 1.1891e-07
1.7631e+06 1.1868e-07
1.7661e+06 1.1845e-07
1.7691e+06 1.1822e-07
1.7720e+06 1.1799e-07
1.7750e+06 1.1777e-07
1.7780e+06 1.1754e-07
1.7810e+06 1.1731e-07
1.7840e+06 1.1709e-07
1.7870e+06 1.1686e-07
1.7900e+06 1.1664e-07
1.7930e+06 1.1642e-07
1.7960e+06 1.1619e-07
1.7990e+06 1.1597e-07
1.8020e+06 1.1575e-07
1.8050e+06 1.1553e-07
1.8080e+06 1.1531e-07
1.8111e+06 1.1509e-07
1.8141e+06 1.1487e-07
1.8171e+06 1.1465e-07
1.8201e+06 1.1443e-07
1.8232e+06 1.1421e-07
1.8262e+06 1.1399e-07
1.8293e+06 1.1378e-07
1.8323e+06 1.1356e-07
1.8354e+06 1.1335e-07
1.8384e+06 1.1313e-07
1.8415e+06 1.1292e-07
1.8445e+06 1.1270e-07
1.8476e+06 1.1249e-07
1.8507e+06 1.1228e-07
1.8538e+06 1.1207e-07
1.8568e+06 1.1185e-07
1.8599e+06 1.1164e-07
1.8630e+06 1.1143e-07
1.8661e+06 1.1122e-07
1.8692e+06 1.1101e-07
1.8723e+06 1.1081e-07
1.8754e+06 1.1060e-07
1.8785e+06 1.1039e-07
1.8816e+06 1.1018e-07
1.8847e+06 1.0998e-07
1.8878e+06 1.0977e-07
1.8909e+06 1.0956e-07
1.8941e+06 1.0936e-07
1.8972e+06 1.0915e-07
1.9003e+06 1.0895e-07
1.9035e+06 1.0875e-07
1.9066e+06 1.0854e-07
1.9097e+06 1.0834e-07
1.9129e+06 1.0814e-07
1.9160e+06 1.0794e-07
1.9192e+06 1.0774e-07
1.9223e+06 1.0754e-07
1.9255e+06 1.0734e-07
1.9287e+06 1.0714e-07
1.9318e+06 1.0694e-07
1.9350e+06 1.0674e-07
1.9382e+06 1.0654e-07
1.9414e+06 1.0635e-07
1.9445e+06 1.0615e-07
1.9477e+06 1.0595e-07
1.9509e+06 1.0576e-07
1.9541e+06 1.0556e-07
1.9573e+06 1.0537e-07
1.9605e+06 1.0517e-07
1.9637e+06 1.0498e-07
1.9669e+06 1.0479e-07
1.9701e+06 1.0459e-07
1.9734e+06 1.0440e-07
1.9766e+06 1.0421e-07
1.9798e+06 1.0402e-07
1.9830e+06 1.0383e-07
1.9863e+06 1.0364e-07
1.9895e+06 1.0345e-07
1.9927e+06 1.0326e-07
1.9960e+06 1.0307e-07
1.9992e+06 1.0288e-07
2.0025e+06 1.0269e-07
2.0058e+06 1.0250e-07
2.0090e+06 1.0232e-07
2.0123e+06 1.0213e-07
2.0155e+06 1.0194e-07
2.0188e+06 1.0176e-07
2.0221e+06 1.0157e-07
2.0254e+06 1.0139e-07
2.0287e+06 1.0120e-07
2.0319e+06 1.0102e-07
2.0352e+06 1.0083e-07
2.0385e+06 1.0065e-07
2.0418e+06 1.0047e-07
2.0451e+06 1.0029e-07
2.0484e+06 1.0011e-07
2.0518e+06 9.9924e-08
2.0551e+06 9.9743e-08
2.0584e+06 9.9563e-08
2.0617e+06 9.9383e-08
2.0650e+06 9.9204e-08
2.0684e+06 9.9025e-08
2.0717e+06 9.8846e-08
2.0750e+06 9.8668e-08
2.0784e+06 9.8490e-08
2.0817e+06 9.8313e-08
2.0851e+06 9.8136e-08
2.0884e+06 9.7960e-08
2.0918e+06 9.7784e-08
2.0952e+06 9.7608e-08
2.0985e+06 9.7433e-08
2.1019e+06 9.7258e-08
2.1053e+06 9.7084e-08
2.1087e+06 9.6910e-08
2.1120e+06 9.6737e-08
2.1154e+06 9.6564e-08
2.1188e+06 9.6391e-08
2.1222e+06 9.6219e-08
2.1256e+06 9.6047e-08
2.1290e+06 9.5876e-08
2.1324e+06 9.5705e-08
2.1358e+06 9.5535e-08
2.1393e+06 9.5365e-08
2.1427e+06 9.5195e-08
2.1461e+06 9.5026e-08
2.1495e+06 9.4857e-08
2.1530e+06 9.4688e-08
2.1564e+06 9.4520e-08
2.1598e+06 9.4352e-08
2.1633e+06 9.4185e-08
2.1667e+06 9.4018e-08
2.1702e+06 9.3852e-08
2.1737e+06 9.3686e-08
2.1771e+06 9.3520e-08
2.1806e+06 9.3355e-08
2.1840e+06 9.3190e-08
2.1875e+06 9.3025e-08
2.1910e+06 9.2861e-08
2.1945e+06 9.2698e-08
2.1980e+06 9.2534e-08
2.2015e+06 9.2371e-08
2.2050e+06 9.2209e-08
2.2085e+06 9.2046e-08
2.2120e+06 9.1885e-08
2.2155e+06 9.1723e-08
2.2190e+06 9.1562e-08
2.2225e+06 9.1402e-08
2.2260e+06 9.1241e-08
2.2295e+06 9.1081e-08
2.2331e+06 9.0922e-08
2.2366e+06 9.0763e-08
2.2401e+06 9.0604e-08
2.2437e+06 9.0446e-08
2.2472e+06 9.0288e-08
2.2508e+06 9.0130e-08
2.2543e+06 8.9973e-08
2.2579e+06 8.9816e-08
2.2614e+06 8.9659e-08
2.2650e+06 8.9503e-08
2.2686e+06 8.9347e-08
2.2722e+06 8.9192e-08
2.2757e+06 8.9036e-08
2.2793e+06 8.8882e-08
2.2829e+06 8.8727e-08
2.2865e+06 8.8573e-08
2.2901e+06 8.8420e-08
2.2937e+06 8.8266e-08
2.2973e+06 8.8113e-08
2.3009e+06 8.7961e-08
2.3045e+06 8.7808e-08
2.3082e+06 8.7656e-08
2.3118e+06 8.7505e-08
2.3154e+06 8.7354e-08
2.3190e+06 8.7203e-08
2.3227e+06 8.7052e-08
2.3263e+06 8.6902e-08
2.3300e+06 8.6752e-08
2.3336e+06 8.6603e-08
2.3373e+06 8.6454e-08
2.3409e+06 8.6305e-08
2.3446e+06 8.6156e-08
2.3482e+06 8.6008e-08
2.3519e+06 8.5861e-08
2.3556e+06 8.5713e-08
2.3593e+06 8.5566e-08
2.3630e+06 8.5419e-08
2.3666e+06 8.5273e-08
2.3703e+06 8.5127e-08
2.3740e+06 8.4981e-08
2.3777e+06 8.4835e-08
2.3814e+06 8.4690e-08
2.3852e+06 8.4546e-08
2.3889e+06 8.4401e-08
2.3926e+06 8.4257e-08
2.3963e+06 8.4113e-08
2.4000e+06 8.3970e-08
2.4038e+06 8.3827e-08
2.4075e+06 8.3684e-08
2.4113e+06 8.3541e-08
2.4150e+06 8.3399e-08
2.4188e+06 8.3257e-08
2.4225e+06 8.3116e-08
2.4263e+06 8.2974e-08
2.4300e+06 8.2833e-08
2.4338e+06 8.2693e-08
2.4376e+06 8.2553e-08
2.4414e+06 8.2413e-08
2.4451e+06 8.2273e-08
2.4489e+06 8.2134e-08
2.4527e+06 8.1995e-08
2.4565e+06 8.1856e-08
2.4603e+06 8.1717e-08
2.4641e+06 8.1579e-08
2.4679e+06 8.1442e-08
2.4717e+06 8.1304e-08
2.4756e+06 8.1167e-08
2.4794e+06 8.1030e-08
2.4832e+06 8.0893e-08
2.4871e+06 8.0757e-08
2.4909e+06 8.0621e-08
2.4947e+06 8.0486e-08
2.4986e+06 8.0350e-08
2.5024e+06 8.0215e-08
2.5063e+06 8.0080e-08
2.5101e+06 7.9946e-08
2.5140e+06 7.9812e-08
2.5179e+06 7.9678e-08
2.5218e+06 7.9544e-08
2.5256e+06 7.9411e-08
2.5295e+06 7.9278e-08
2.5334e+06 7.9145e-08
2.5373e+06 7.9013e-08
2.5412e+06 7.8881e-08
2.5451e+06 7.8749e-08
2.5490e+06 7.8617e-08
2.5529e+06 7.8486e-08
2.5568e+06 7.8355e-08
2.5608e+06 7.8224e-08
2.5647e+06 7.8094e-08
2.5686e+06 7.7964e-08
2.5725e+06 7.7834e-08
2.5765e+06 7.7705e-08
2.5804e+06 7.7575e-08
2.5844e+06 7.7446e-08
2.5883e+06 7.7318e-08
2.5923e+06 7.7189e-08
2.5963e+06 7.7061e-08
2.6002e+06 7.6933e-08
2.6042e+06 7.6806e-08
2.6082e+06 7.6678e-08
2.6122e+06 7.6551e-08
2.6162e+06 7.6424e-08
2.6201e+06 7.6298e-08
2.6241e+06 7.6172e-08
2.6281e+06 7.6046e-08
2.6321e+06 7.5920e-08
2.6362e+06 7.5795e-08
2.6402e+06 7.5670e-08
2.6442e+06 7.5545e-08
2.6482e+06 7.5420e-08
2.6523e+06 7.5296e-08
2.6563e+06 7.5172e-08
2.6603e+06 7.5048e-08
2.6644e+06 7.4924e-08
2.6684e+06 7.4801e-08
2.6725e+06 7.4678e-08
2.6765e+06 7.4555e-08
2.6806e+06 7.4433e-08
2.6847e+06 7.4311e-08
2.6887e+06 7.4189e-08
2.6928e+06 7.4067e-08
2.6969e+06 7.3946e-08
2.7010e+06 7.3824e-08
2.7051e+06 7.3704e-08
2.7092e+06 7.3583e-08
2.7133e+06 7.3462e-08
2.7174e+06 7.3342e-08
2.7215e+06 7.3222e-08
2.7256e+06 7.3103e-08
2.7298e+06 7.2983e-08
2.7339e+06 7.2864e-08
2.7380e+06 7.2745e-08
2.7422e+06 7.2627e-08
2.7463e+06 7.2508e-08
2.7505e+06 7.2390e-08
2.7546e+06 7.2272e-08
2.7588e+06 7.2155e-08
2.7629e+06 7.2037e-08
2.7671e+06 7.1920e-08
2.7713e+06 7.1803e-08
2.7755e+06 7.1687e-08
2.7796e+06 7.1570e-08
2.7838e+06 7.1454e-08
2.7880e+06 7.1338e-08
2.7922e+06 7.1222e-08
2.7964e+06 7.1107e-08
2.8006e+06 7.0992e-08
2.8048e+06 7.0877e-08
2.8091e+06 7.0762e-08
2.8133e+06 7.0648e-08
2.8175e+06 7.0533e-08
2.8217e+06 7.0419e-08
2.8260e+06 7.0306e-08
2.8302e+06 7.0192e-08
2.8345e+06 7.0079e-08
2.8387e+06 6.9966e-08
2.8430e+06 6.9853e-08
2.8473e+06 6.9740e-08
2.8515e+06 6.9628e-08
2.8558e+06 6.9516e-08
2.8601e+06 6.9404e-08
2.8644e+06 6.9292e-08
2.8687e+06 6.9181e-08
2.8729e+06 6.9070e-08
2.8773e+06 6.8959e-08
2.8816e+06 6.8848e-08
2.8859e+06 6.8738e-08
2.8902e+06 6.8627e-08
2.8945e+06 6.8517e-08
2.8988e+06 6.8408e-08
2.9032e+06 6.8298e-08
2.9075e+06 6.8189e-08
2.9118e+06 6.8079e-08
2.9162e+06 6.7970e-08
2.9205e+06 6.7862e-08
2.9249e+06 6.7753e-08
2.9293e+06 6.7645e-08
2.9336e+06 6.7537e-08
2.9380e+06 6.7429e-08
2.9424e+06 6.7322e-08
2.9468e+06 6.7214e-08
2.9511e+06 6.7107e-08
2.9555e+06 6.7000e-08
2.9599e+06 6.6893e-08
2.9643e+06 6.6787e-08
2.9688e+06 6.6681e-08
2.9732e+06 6.6575e-08
2.9776e+06 6.6469e-08
2.9820e+06 6.6363e-08
2.9864e+06 6.6258e-08
2.9909e+06 6.6152e-08
2.9953e+06 6.6047e-08
2.9998e+06 6.5943e-08
3.0042e+06 6.5838e-08
3.0087e+06 6.5734e-08
3.0131e+06 6.5630e-08
3.0176e+06 6.5526e-08
3.0221e+06 6.5422e-08
3.0266e+06 6.5318e-08
3.0311e+06 6.5215e-08
3.0355e+06 6.5112e-08
3.0400e+06 6.5009e-08
3.0445e+06 6.4906e-08
3.0490e+06 6.4804e-08
3.0536e+06 6.4702e-08
3.0581e+06 6.4600e-08
3.0626e+06 6.4498e-08
3.0671e+06 6.4396e-08
3.0717e+06 6.4295e-08
3.0762e+06 6.4193e-08
3.0807e+06 6.4092e-08
3.0853e+06 6.3991e-08
3.0898e+06 6.3891e-08
3.0944e+06 6.3790e-08
3.0990e+06 6.3690e-08
3.1035e+06 6.3590e-08
3.1081e+06 6.3490e-08
3.1127e+06 6.3390e-08
3.1173e+06 6.3291e-08
3.1219e+06 6.3192e-08
3.1265e+06 6.3093e-08
3.1311e+06 6.2994e-08
3.1357e+06 6.2895e-08
3.1403e+06 6.2797e-08
3.1449e+06 6.2698e-08
3.1496e+06 6.2600e-08
3.1542e+06 6.2502e-08
3.1588e+06 6.2405e-08
3.1635e+06 6.2307e-08
3.1681e+06 6.2210e-08
3.1728e+06 6.2113e-08
3.1774e+06 6.2016e-08
3.1821e+06 6.1919e-08
3.1868e+06 6.1823e-08
3.1914e+06 6.1726e-08
3.1961e+06 6.1630e-08
3.2008e+06 6.1534e-08
3.2055e+06 6.1438e-08
3.2102e+06 6.1343e-08
3.2149e+06 6.1247e-08
3.2196e+06 6.1152e-08
3.2243e+06 6.1057e-08
3.2291e+06 6.0962e-08
3.2338e+06 6.0867e-08
3.2385e+06 6.0773e-08
3.2433e+06 6.0679e-08
3.2480e+06 6.0585e-08
3.2528e+06 6.0491e-08
3.2575e+06 6.0397e-08
3.2623e+06 6.0303e-08
3.2670e+06 6.0210e-08
3.2718e+06 6.0117e-08
3.2766e+06 6.0024e-08
3.2814e+06 5.9931e-08
3.2862e+06 5.9838e-08
3.2910e+06 5.9746e-08
3.2958e+06 5.9653e-08
3.3006e+06 5.9561e-08
3.3054e+06 5.9469e-08
3.3102e+06 5.9378e-08
3.3150e+06 5.9286e-08
3.3199e+06 5.9195e-08
3.3247e+06 5.9103e-08
3.3295e+06 5.9012e-08
3.3344e+06 5.8921e-08
3.3392e+06 5.8831e-08
3.3441e+06 5.8740e-08
3.3490e+06 5.8650e-08
3.3538e+06 5.8560e-08
3.3587e+06 5.8470e-08
3.3636e+06 5.8380e-08
3.3685e+06 5.8290e-08
3.3734e+06 5.8201e-08
3.3783e+06 5.8111e-08
3.3832e+06 5.8022e-08
3.3881e+06 5.7933e-08
3.3930e+06 5.7844e-08
3.3979e+06 5.7756e-08
3.4029e+06 5.7667e-08
3.4078e+06 5.7579e-08
3.4127e+06 5.7491e-08
3.4177e+06 5.7403e-08
3.4226e+06 5.7315e-08
3.4276e+06 5.7228e-08
3.4326e+06 5.7140e-08
3.4375e+06 5.7053e-08
3.4425e+06 5.6966e-08
3.4475e+06 5.6879e-08
3.4525e+06 5.6792e-08
3.4575e+06 5.6705e-08
3.4625e+06 5.6619e-08
3.4675e+06 5.6532e-08
3.4725e+06 5.6446e-08
3.4775e+06 5.6360e-08
3.4826e+06 5.6275e-08
3.4876e+06 5.6189e-08
3.4926e+06 5.6103e-08
3.4977e+06 5.6018e-08
3.5027e+06 5.5933e-08
3.5078e+06 5.5848e-08
3.5128e+06 5.5763e-08
3.5179e+06 5.5678e-08
3.5230e+06 5.5594e-08
3.5281e+06 5.5509e-08
3.5331e+06 5.5425e-08
3.5382e+06 5.5341e-08
3.5433e+06 5.5257e-08
3.5484e+06 5.5174e-08
3.5535e+06 5.5090e-08
3.5587e+06 5.5007e-08
3.5638e+06 5.4923e-08
3.5689e+06 5.4840e-08
3.5740e+06 5.4757e-08
3.5792e+06 5.4674e-08
3.5843e+06 5.4592e-08
3.5895e+06 5.4509e-08
3.5946e+06 5.4427e-08
3.5998e+06 5.4345e-08
3.6050e+06 5.4263e-08
3.6102e+06 5.4181e-08
3.6153e+06 5.4099e-08
3.6205e+06 5.4018e-08
3.6257e+06 5.3936e-08
3.6309e+06 5.3855e-08
3.6361e+06 5.3774e-08
3.6414e+06 5.3693e-08
3.6466e+06 5.3612e-08
3.6518e+06 5.3531e-08
3.6570e+06 5.3451e-08
3.6623e+06 5.3371e-08
3.6675e+06 5.3290e-08
3.6728e+06 5.3210e-08
3.6780e+06 5.3130e-08
3.6833e+06 5.3051e-08
3.6886e+06 5.2971e-08
3.6939e+06 5.2892e-08
3.6991e+06 5.2812e-08
3.7044e+06 5.2733e-08
3.7097e+06 5.2654e-08
3.7150e+06 5.2575e-08
3.7203e+06 5.2496e-08
3.7257e+06 5.2418e-08
3.7310e+06 5.2339e-08
3.7363e+06 5.2261e-08
3.7417e+06 5.2183e-08
3.7470e+06 5.2105e-08
3.7523e+06 5.2027e-08
3.7577e+06 5.1949e-08
3.7631e+06 5.1872e-08
3.7684e+06 5.1794e-08
3.7738e+06 5.1717e-08
3.7792e+06 5.1640e-08
3.7846e+06 5.1563e-08
3.7900e+06 5.1486e-08
3.7954e+06 5.1409e-08
3.8008e+06 5.1332e-08
3.8062e+06 5.1256e-08
3.8116e+06 5.1180e-08
3.8170e+06 5.1103e-08
3.8225e+06 5.1027e-08
3.8279e+06 5.0951e-08
3.8333e+06 5.0876e-08
3.8388e+06 5.0800e-08
3.8443e+06 5.0725e-08
3.8497e+06 5.0649e-08
3.8552e+06 5.0574e-08
3.8607e+06 5.0499e-08
3.8662e+06 5.0424e-08
3.8716e+06 5.0349e-08
3.8771e+06 5.0274e-08
3.8826e+06 5.0200e-08
3.8882e+06 5.0126e-08
3.8937e+06 5.0051e-08
3.8992e+06 4.9977e-08
3.9047e+06 4.9903e-08
3.9103e+06 4.9829e-08
3.9158e+06 4.9755e-08
3.9214e+06 4.9682e-08
3.9269e+06 4.9608e-08
3.9325e+06 4.9535e-08
3.9381e+06 4.9462e-08
3.9436e+06 4.9389e-08
3.9492e+06 4.9316e-08
3.9548e+06 4.9243e-08
3.9604e+06 4.9170e-08
3.9660e+06 4.9098e-08
3.9716e+06 4.9025e-08
3.9772e+06 4.8953e-08
3.9829e+06 4.8881e-08
3.9885e+06 4.8809e-08
3.9941e+06 4.8737e-08
3.9998e+06 4.8665e-08
4.0054e+06 4.8594e-08
4.0111e+06 4.8522e-08
4.0168e+06 4.8451e-08
4.0224e+06 4.8379e-08
4.0281e+06 4.8308e-08
4.0338e+06 4.8237e-08
4.0395e+06 4.8166e-08
4.0452e+06 4.8096e-08
4.0509e+06 4.8025e-08
4.0566e+06 4.7955e-08
4.0623e+06 4.7884e-08
4.0680e+06 4.7814e-08
4.0738e+06 4.7744e-08
4.0795e+06 4.7674e-08
4.0853e+06 4.7604e-08
4.0910e+06 4.7534e-08
4.0968e+06 4.7464e-08
4.1026e+06 4.7395e-08
4.1083e+06 4.7326e-08
4.1141e+06 4.7256e-08
4.1199e+06 4.7187e-08
4.1257e+06 4.7118e-08
4.1315e+06 4.7049e-08
4.1373e+06 4.6981e-08
4.1431e+06 4.6912e-08
4.1489e+06 4.6843e-08
4.1548e+06 4.6775e-08
4.1606e+06 4.6707e-08
4.1665e+06 4.6638e-08
4.1723e+06 4.6570e-08
4.1782e+06 4.6502e-08
4.1840e+06 4.6435e-08
4.1899e+06 4.6367e-08
4.1958e+06 4.6299e-08
4.2017e+06 4.6232e-08
4.2076e+06 4.6165e-08
4.2135e+06 4.6097e-08
4.2194e+06 4.6030e-08
4.2253e+06 4.5963e-08
4.2312e+06 4.5896e-08
4.2371e+06 4.5830e-08
4.2431e+06 4.5763e-08
4.2490e+06 4.5697e-08
4.2550e+06 4.5630e-08
4.2609e+06 4.5564e-08
4.2669e+06 4.5498e-08
4.2729e+06 4.5432e-08
4.2788e+06 4.5366e-08
4.2848e+06 4.5300e-08
4.2908e+06 4.5234e-08
4.2968e+06 4.5169e-08
4.3028e+06 4.5103e-08
4.3088e+06 4.5038e-08
4.3149e+06 4.4973e-08
4.3209e+06 4.4907e-08
4.3269e+06 4.4842e-08
4.3330e+06 4.4778e-08
4.3390e+06 4.4713e-08
4.3451e+06 4.4648e-08
4.3512e+06 4.4583e-08
4.3572e+06 4.4519e-08
4.3633e+06 4.4455e-08
4.3694e+06 4.4390e-08
4.3755e+06 4.4326e-08
4.3816e+06 4.4262e-08
4.3877e+06 4.4198e-08
4.3938e+06 4.4135e-08
4.3999e+06 4.4071e-08
4.4061e+06 4.4007e-08
4.4122e+06 4.3944e-08
4.4184e+06 4.3881e-08
4.4245e+06 4.3817e-08
4.4307e+06 4.3754e-08
4.4368e+06 4.3691e-08
4.4430e+06 4.3628e-08
4.4492e+06 4.3565e-08
4.4554e+06 4.3503e-08
4.4616e+06 4.3440e-08
4.4678e+06 4.3378e-08
4.4740e+06 4.3315e-08
4.4802e+06 4.3253e-08
4.4865e+06 4.3191e-08
4.4927e+06 4.3129e-08
4.4989e+06 4.3067e-08
4.5052e+06 4.3005e-08
4.5114e+06 4.2943e-08
4.5177e+06 4.2882e-08
4.5240e+06 4.2820e-08
4.5303e+06 4.2759e-08
4.5365e+06 4.2697e-08
4.5428e+06 4.2636e-08
4.5491e+06 4.2575e-08
4.5555e+06 4.2514e-08
4.5618e+06 4.2453e-08
4.5681e+06 4.2392e-08
4.5744e+06 4.2332e-08
4.5808e+06 4.2271e-08
4.5871e+06 4.2211e-08
4.5935e+06 4.2150e-08
4.5998e+06 4.2090e-08
4.6062e+06 4.2030e-08
4.6126e+06 4.1970e-08
4.6190e+06 4.1910e-08
4.6254e+06 4.1850e-08
4.6318e+06 4.1790e-08
4.6382e+06 4.1730e-08
4.6446e+06 4.1671e-08
4.6510e+06 4.1611e-08
4.6575e+06 4.1552e-08
4.6639e+06 4.1493e-08
4.6703e+06 4.1433e-08
4.6768e+06 4.1374e-08
4.6833e+06 4.1315e-08
4.6897e+06 4.1257e-08
4.6962e+06 4.1198e-08
4.7027e+06 4.1139e-08
4.7092e+06 4.1081e-08
4.7157e+06 4.1022e-08
4.7222e+06 4.0964e-08
4.7287e+06 4.0905e-08
4.7353e+06 4.0847e-08
4.7418e+06 4.0789e-08
4.7483e+06 4.0731e-08
4.7549e+06 4.0673e-08
4.7614e+06 4.0616e-08
4.7680e+06 4.0558e-08
4.7746e+06 4.0500e-08
4.7812e+06 4.0443e-08
4.7877e+06 4.0385e-08
4.7943e+06 4.0328e-08
4.8009e+06 4.0271e-08
4.8076e+06 4.0214e-08
4.8142e+06 4.0157e-08
4.8208e+06 4.0100e-08
4.8274e+06 4.0043e-08
4.8341e+06 3.9986e-08
4.8407e+06 3.9930e-08
4.8474e+06 3.9873e-08
4.8541e+06 3.9817e-08
4.8607e+06 3.9760e-08
4.8674e+06 3.9704e-08
4.8741e+06 3.9648e-08
4.8808e+06 3.9592e-08
4.8875e+06 3.9536e-08
4.8942e+06 3.9480e-08
4.9010e+06 3.9424e-08
4.9077e+06 3.9368e-08
4.9144e+06 3.9313e-08
4.9212e+06 3.9257e-08
4.9279e+06 3.9202e-08
4.9347e+06 3.9147e-08
4.9415e+06 3.9091e-08
4.9483e+06 3.9036e-08
4.9550e+06 3.8981e-08
4.9618e+06 3.8926e-08
4.9686e+06 3.8871e-08
4.9755e+06 3.8816e-08
4.9823e+06 3.8762e-08
4.9891e+06 3.8707e-08
4.9960e+06 3.8653e-08
5.0028e+06 3.8598e-08
5.0097e+06 3.8544e-08
5.0165e+06 3.8490e-08
5.0234e+06 3.8436e-08
5.0303e+06 3.8381e-08
5.0372e+06 3.8327e-08
5.0440e+06 3.8274e-08
5.0510e+06 3.8220e-08
5.0579e+06 3.8166e-08
5.0648e+06 3.8112e-08
5.0717e+06 3.8059e-08
5.0786e+06 3.8006e-08
5.0856e+06 3.7952e-08
5.0925e+06 3.7899e-08
5.0995e+06 3.7846e-08
5.1065e+06 3.7793e-08
5.1135e+06 3.7740e-08
5.1204e+06 3.7687e-08
5.1274e+06 3.7634e-08
5.1344e+06 3.7581e-08
5.1415e+06 3.7528e-08
5.1485e+06 3.7476e-08
5.1555e+06 3.7423e-08
5.1625e+06 3.7371e-08
5.1696e+06 3.7319e-08
5.1766e+06 3.7266e-08
5.1837e+06 3.7214e-08
5.1908e+06 3.7162e-08
5.1979e+06 3.7110e-08
5.2049e+06 3.7058e-08
5.2120e+06 3.7007e-08
5.2192e+06 3.6955e-08
5.2263e+06 3.6903e-08
5.2334e+06 3.6852e-08
5.2405e+06 3.6800e-08
5.2477e+06 3.6749e-08
5.2548e+06 3.6698e-08
5.2620e+06 3.6646e-08
5.2691e+06 3.6595e-08
5.2763e+06 3.6544e-08
5.2835e+06 3.6493e-08
5.2907e+06 3.6442e-08
5.2979e+06 3.6391e-08
5.3051e+06 3.6341e-08
5.3123e+06 3.6290e-08
5.3195e+06 3.6240e-08
5.3268e+06 3.6189e-08
5.3340e+06 3.6139e-08
5.3413e+06 3.6088e-08
5.3485e+06 3.6038e-08
5.3558e+06 3.5988e-08
5.3631e+06 3.5938e-08
5.3703e+06 3.5888e-08
5.3776e+06 3.5838e-08
5.3849e+06 3.5788e-08
5.3923e+06 3.5738e-08
5.3996e+06 3.5689e-08
5.4069e+06 3.5639e-08
5.4142e+06 3.5590e-08
5.4216e+06 3.5540e-08
5.4290e+06 3.5491e-08
5.4363e+06 3.5442e-08
5.4437e+06 3.5392e-08
5.4511e+06 3.5343e-08
5.4585e+06 3.5294e-08
5.4659e+06 3.5245e-08
5.4733e+06 3.5196e-08
5.4807e+06 3.5148e-08
5.4881e+06 3.5099e-08
5.4956e+06 3.5050e-08
5.5030e+06 3.5002e-08
5.5105e+06 3.4953e-08
5.5179e+06 3.4905e-08
5.5254e+06 3.4857e-08
5.5329e+06 3.4808e-08
5.5404e+06 3.4760e-08
5.5479e+06 3.4712e-08
5.5554e+06 3.4664e-08
5.5629e+06 3.4616e-08
5.5704e+06 3.4568e-08
5.5780e+06 3.4520e-08
5.5855e+06 3.4473e-08
5.5930e+06 3.4425e-08
5.6006e+06 3.4378e-08
5.6082e+06 3.4330e-08
5.6158e+06 3.4283e-08
5.6234e+06 3.4235e-08
5.6310e+06 3.4188e-08
5.6386e+06 3.4141e-08
5.6462e+06 3.4094e-08
5.6538e+06 3.4047e-08
5.6614e+06 3.4000e-08
5.6691e+06 3.3953e-08
5.6767e+06 3.3906e-08
5.6844e+06 3.3859e-08
5.6921e+06 3.3813e-08
5.6997e+06 3.3766e-08
5.7074e+06 3.3720e-08
5.7151e+06 3.3673e-08
5.7228e+06 3.3627e-08
5.7306e+06 3.3580e-08
5.7383e+06 3.3534e-08
5.7460e+06 3.3488e-08
5.7538e+06 3.3442e-08
5.7615e+06 3.3396e-08
5.7693e+06 3.3350e-08
5.7771e+06 3.3304e-08
5.7849e+06 3.3258e-08
5.7926e+06 3.3213e-08
5.8004e+06 3.3167e-08
5.8083e+06 3.3122e-08
5.8161e+06 3.3076e-08
5.8239e+06 3.3031e-08
5.8317e+06 3.2985e-08
5.8396e+06 3.2940e-08
5.8475e+06 3.2895e-08
5.8553e+06 3.2850e-08
5.8632e+06 3.2805e-08
5.8711e+06 3.2760e-08
5.8790e+06 3.2715e-08
5.8869e+06 3.2670e-08
5.8948e+06 3.2625e-08
5.9027e+06 3.2580e-08
5.9107e+06 3.2536e-08
5.9186e+06 3.2491e-08
5.9265e+06 3.2447e-08
5.9345e+06 3.2402e-08
5.9425e+06 3.2358e-08
5.9505e+06 3.2313e-08
5.9585e+06 3.2269e-08
5.9665e+06 3.2225e-08
5.9745e+06 3.2181e-08
5.9825e+06 3.2137e-08
5.9905e+06 3.2093e-08
5.9986e+06 3.2049e-08
6.0066e+06 3.2005e-08
6.0147e+06 3.1962e-08
6.0227e+06 3.1918e-08
6.0308e+06 3.1874e-08
6.0389e+06 3.1831e-08
6.0470e+06 3.1787e-08
6.0551e+06 3.1744e-08
6.0632e+06 3.1701e-08
6.0713e+06 3.1657e-08
6.0795e+06 3.1614e-08
6.0876e+06 3.1571e-08
6.0958e+06 3.1528e-08
6.1039e+06 3.1485e-08
6.1121e+06 3.1442e-08
6.1203e+06 3.1399e-08
6.1285e+06 3.1356e-08
6.1367e+06 3.1314e-08
6.1449e+06 3.1271e-08
6.1531e+06 3.1228e-08
6.1614e+06 3.1186e-08
6.1696e+06 3.1143e-08
6.1779e+06 3.1101e-08
6.1861e+06 3.1059e-08
6.1944e+06 3.1016e-08
6.2027e+06 3.0974e-08
6.2110e+06 3.0932e-08
6.2193e+06 3.0890e-08
6.2276e+06 3.0848e-08
6.2359e+06 3.0806e-08
6.2443e+06 3.0764e-08
6.2526e+06 3.0722e-08
6.2609e+06 3.0680e-08
6.2693e+06 3.0639e-08
6.2777e+06 3.0597e-08
6.2861e+06 3.0556e-08
6.2945e+06 3.0514e-08
6.3029e+06 3.0473e-08
6.3113e+06 3.0431e-08
6.3197e+06 3.0390e-08
6.3281e+06 3.0349e-08
6.3366e+06 3.0308e-08
6.3450e+06 3.0266e-08
6.3535e+06 3.0225e-08
6.3620e+06 3.0184e-08
6.3705e+06 3.0143e-08
6.3790e+06 3.0103e-08
6.3875e+06 3.0062e-08
6.3960e+06 3.0021e-08
6.4045e+06 2.9980e-08
6.4130e+06 2.9940e-08
6.4216e+06 2.9899e-08
6.4301e+06 2.9859e-08
6.4387e+06 2.9818e-08
6.4473e+06 2.9778e-08
6.4559e+06 2.9738e-08
6.4645e+06 2.9697e-08
6.4731e+06 2.9657e-08
6.4817e+06 2.9617e-08
6.4903e+06 2.9577e-08
6.4989e+06 2.9537e-08
6.5076e+06 2.9497e-08
6.5163e+06 2.9457e-08
6.5249e+06 2.9417e-08
6.5336e+06 2.9378e-08
6.5423e+06 2.9338e-08
6.5510e+06 2.9298e-08
6.5597e+06 2.9259e-08
6.5684e+06 2.9219e-08
6.5772e+06 2.9180e-08
6.5859e+06 2.9140e-08
6.5947e+06 2.9101e-08
6.6034e+06 2.9062e-08
6.6122e+06 2.9023e-08
6.6210e+06 2.8983e-08
6.6298e+06 2.8944e-08
6.6386e+06 2.8905e-08
6.6474e+06 2.8866e-08
6.6562e+06 2.8827e-08
6.6651e+06 2.8789e-08
6.6739e+06 2.8750e-08
6.6828e+06 2.8711e-08
6.6916e+06 2.8672e-08
6.7005e+06 2.8634e-08
6.7094e+06 2.8595e-08
6.7183e+06 2.8557e-08
6.7272e+06 2.8518e-08
6.7361e+06 2.8480e-08
6.7451e+06 2.8442e-08
6.7540e+06 2.8403e-08
6.7630e+06 2.8365e-08
6.7719e+06 2.8327e-08
6.7809e+06 2.8289e-08
6.7899e+06 2.8251e-08
6.7989e+06 2.8213e-08
6.8079e+06 2.8175e-08
6.8169e+06 2.8137e-08
6.8260e+06 2.8099e-08
6.8350e+06 2.8062e-08
6.8440e+06 2.8024e-08
6.8531e+06 2.7986e-08
6.8622e+06 2.7949e-08
6.8713e+06 2.7911e-08
6.8804e+06 2.7874e-08
6.8895e+06 2.7836e-08
6.8986e+06 2.7799e-08
6.9077e+06 2.7762e-08
6.9168e+06 2.7724e-08
6.9260e+06 2.7687e-08
6.9352e+06 2.7650e-08
6.9443e+06 2.7613e-08
6.9535e+06 2.7576e-08
6.9627e+06 2.7539e-08
6.9719e+06 2.7502e-08
6.9811e+06 2.7465e-08
6.9904e+06 2.7428e-08
6.9996e+06 2.7392e-08
7.0088e+06 2.7355e-08
7.0181e+06 2.7318e-08
7.0274e+06 2.7282e-08
7.0367e+06 2.7245e-08
7.0459e+06 2.7209e-08
7.0553e+06 2.7172e-08
7.0646e+06 2.7136e-08
7.0739e+06 2.7100e-08
7.0832e+06 2.7063e-08
7.0926e+06 2.7027e-08
7.1019e+06 2.6991e-08
7.1113e+06 2.6955e-08
7.1207e+06 2.6919e-08
7.1301e+06 2.6883e-08
7.1395e+06 2.6847e-08
7.1489e+06 2.6811e-08
7.1583e+06 2.6775e-08
7.1678e+06 2.6740e-08
7.1772e+06 2.6704e-08
7.1867e+06 2.6668e-08
7.1962e+06 2.6633e-08
7.2056e+06 2.6597e-08
7.2151e+06 2.6562e-08
7.2247e+06 2.6526e-08
7.2342e+06 2.6491e-08
7.2437e+06 2.6455e-08
7.2532e+06 2.6420e-08
7.2628e+06 2.6385e-08
7.2724e+06 2.6350e-08
7.2819e+06 2.6315e-08
7.2915e+06 2.6279e-08
7.3011e+06 2.6244e-08
7.3107e+06 2.6209e-08
7.3204e+06 2.6175e-08
7.3300e+06 2.6140e-08
7.3396e+06 2.6105e-08
7.3493e+06 2.6070e-08
7.3590e+06 2.6035e-08
7.3686e+06 2.6001e-08
7.3783e+06 2.5966e-08
7.3880e+06 2.5931e-08
7.3977e+06 2.5897e-08
7.4075e+06 2.5862e-08
7.4172e+06 2.5828e-08
7.4270e+06 2.5794e-08
7.4367e+06 2.5759e-08
7.4465e+06 2.5725e-08
7.4563e+06 2.5691e-08
7.4661e+06 2.5657e-08
7.4759e+06 2.5623e-08
7.4857e+06 2.5589e-08
7.4955e+06 2.5555e-08
7.5054e+06 2.5521e-08
7.5152e+06 2.5487e-08
7.5251e+06 2.5453e-08
7.5350e+06 2.5419e-08
7.5449e+06 2.5385e-08
7.5548e+06 2.5352e-08
7.5647e+06 2.5318e-08
7.5746e+06 2.5284e-08
7.5846e+06 2.5251e-08
7.5945e+06 2.5217e-08
7.6045e+06 2.5184e-08
7.6144e+06 2.5150e-08
7.6244e+06 2.5117e-08
7.6344e+06 2.5084e-08
7.6444e+06 2.5050e-08
7.6545e+06 2.5017e-08
7.6645e+06 2.4984e-08
7.6745e+06 2.4951e-08
7.6846e+06 2.4918e-08
7.6947e+06 2.4885e-08
7.7048e+06 2.4852e-08
7.7148e+06 2.4819e-08
7.7250e+06 2.4786e-08
7.7351e+06 2.4753e-08
7.7452e+06 2.4720e-08
7.7553e+06 2.4688e-08
7.7655e+06 2.4655e-08
7.7757e+06 2.4622e-08
7.7859e+06 2.4590e-08
7.7960e+06 2.4557e-08
7.8062e+06 2.4525e-08
7.8165e+06 2.4492e-08
7.8267e+06 2.4460e-08
7.8369e+06 2.4428e-08
7.8472e+06 2.4395e-08
7.8574e+06 2.4363e-08
7.8677e+06 2.4331e-08
7.8780e+06 2.4299e-08
7.8883e+06 2.4267e-08
7.8986e+06 2.4234e-08
7.9090e+06 2.4202e-08
7.9193e+06 2.4170e-08
7.9297e+06 2.4139e-08
7.9400e+06 2.4107e-08
7.9504e+06 2.4075e-08
7.9608e+06 2.4043e-08
7.9712e+06 2.4011e-08
7.9816e+06 2.3980e-08
7.9920e+06 2.3948e-08
8.0025e+06 2.3916e-08
8.0129e+06 2.3885e-08
8.0234e+06 2.3853e-08
8.0339e+06 2.3822e-08
8.0443e+06 2.3790e-08
8.0548e+06 2.3759e-08
8.0654e+06 2.3728e-08
8.0759e+06 2.3696e-08
8.0864e+06 2.3665e-08
8.0970e+06 2.3634e-08
8.1075e+06 2.3603e-08
8.1181e+06 2.3572e-08
8.1287e+06 2.3541e-08
8.1393e+06 2.3510e-08
8.1499e+06 2.3479e-08
8.1606e+06 2.3448e-08
8.1712e+06 2.3417e-08
8.1819e+06 2.3386e-08
8.1925e+06 2.3355e-08
8.2032e+06 2.3324e-08
8.2139e+06 2.3294e-08
8.2246e+06 2.3263e-08
8.2353e+06 2.3232e-08
8.2460e+06 2.3202e-08
8.2568e+06 2.3171e-08
8.2675e+06 2.3141e-08
8.2783e+06 2.3110e-08
8.2891e+06 2.3080e-08
8.2999e+06 2.3050e-08
8.3107e+06 2.3019e-08
8.3215e+06 2.2989e-08
8.3324e+06 2.2959e-08
8.3432e+06 2.2929e-08
8.3541e+06 2.2899e-08
8.3649e+06 2.2869e-08
8.3758e+06 2.2839e-08
8.3867e+06 2.2809e-08
8.3976e+06 2.2779e-08
8.4086e+06 2.2749e-08
8.4195e+06 2.2719e-08
8.4305e+06 2.2689e-08
8.4414e+06 2.2659e-08
8.4524e+06 2.2629e-08
8.4634e+06 2.2600e-08
8.4744e+06 2.2570e-08
8.4854e+06 2.2540e-08
8.4964e+06 2.2511e-08
8.5075e+06 2.2481e-08
8.5185e+06 2.2452e-08
8.5296e+06 2.2422e-08
8.5407e+06 2.2393e-08
8.5518e+06 2.2364e-08
8.5629e+06 2.2334e-08
8.5740e+06 2.2305e-08
8.5852e+06 2.2276e-08
8.5963e+06 2.2247e-08
8.6075e+06 2.2217e-08
8.6187e+06 2.2188e-08
8.6298e+06 2.2159e-08
8.6410e+06 2.2130e-08
8.6523e+06 2.2101e-08
8.6635e+06 2.2072e-08
8.6747e+06 2.2043e-08
8.6860e+06 2.2015e-08
8.6973e+06 2.1986e-08
8.7086e+06 2.1957e-08
8.7199e+06 2.1928e-08
8.7312e+06 2.1899e-08
8.7425e+06 2.1871e-08
8.7538e+06 2.1842e-08
8.7652e+06 2.1814e-08
8.7765e+06 2.1785e-08
8.7879e+06 2.1757e-08
8.7993e+06 2.1728e-08
8.8107e+06 2.1700e-08
8.8221e+06 2.1671e-08
8.8336e+06 2.1643e-08
8.8450e+06 2.1615e-08
8.8565e+06 2.1586e-08
8.8680e+06 2.1558e-08
8.8795e+06 2.1530e-08
8.8910e+06 2.1502e-08
8.9025e+06 2.1474e-08
8.9140e+06 2.1446e-08
8.9256e+06 2.1418e-08
8.9371e+06 2.1390e-08
8.9487e+06 2.1362e-08
8.9603e+06 2.1334e-08
8.9719e+06 2.1306e-08
8.9835e+06 2.1278e-08
8.9951e+06 2.1251e-08
9.0068e+06 2.1223e-08
9.0184e+06 2.1195e-08
9.0301e+06 2.1167e-08
9.0418e+06 2.1140e-08
9.0535e+06 2.1112e-08
9.0652e+06 2.1085e-08
9.0769e+06 2.1057e-08
9.0886e+06 2.1030e-08
9.1004e+06 2.1002e-08
9.1122e+06 2.0975e-08
9.1239e+06 2.0948e-08
9.1357e+06 2.0920e-08
9.1476e+06 2.0893e-08
9.1594e+06 2.0866e-08
9.1712e+06 2.0839e-08
9.1831e+06 2.0811e-08
9.1949e+06 2.0784e-08
9.2068e+06 2.0757e-08
9.2187e+06 2.0730e-08
9.2306e+06 2.0703e-08
9.2425e+06 2.0676e-08
9.2545e+06 2.0649e-08
9.2664e+06 2.0622e-08
9.2784e+06 2.0596e-08
9.2904e+06 2.0569e-08
9.3024e+06 2.0542e-08
9.3144e+06 2.0515e-08
9.3264e+06 2.0489e-08
9.3385e+06 2.0462e-08
9.3505e+06 2.0435e-08
9.3626e+06 2.0409e-08
9.3747e+06 2.0382e-08
9.3868e+06 2.0356e-08
9.3989e+06 2.0329e-08
9.4110e+06 2.0303e-08
9.4231e+06 2.0276e-08
9.4353e+06 2.0250e-08
9.4475e+06 2.0224e-08
9.4596e+06 2.0197e-08
9.4718e+06 2.0171e-08
9.4841e+06 2.0145e-08
9.4963e+06 2.0119e-08
9.5085e+06 2.0093e-08
9.5208e+06 2.0067e-08
9.5331e+06 2.0040e-08
9.5453e+06 2.0014e-08
9.5577e+06 1.9988e-08
9.5700e+06 1.9962e-08
9.5823e+06 1.9937e-08
9.5946e+06 1.9911e-08
9.6070e+06 1.9885e-08
9.6194e+06 1.9859e-08
9.6318e+06 1.9833e-08
9.6442e+06 1.9808e-08
9.6566e+06 1.9782e-08
9.6690e+06 1.9756e-08
9.6815e+06 1.9731e-08
9.6939e+06 1.9705e-08
9.7064e+06 1.9679e-08
9.7189e+06 1.9654e-08
9.7314e+06 1.9628e-08
9.7440e+06 1.9603e-08
9.7565e+06 1.9577e-08
9.7691e+06 1.9552e-08
9.7816e+06 1.9527e-08
9.7942e+06 1.9501e-08
9.8068e+06 1.9476e-08
9.8194e+06 1.9451e-08
9.8321e+06 1.9426e-08
9.8447e+06 1.9401e-08
9.8574e+06 1.9375e-08
9.8700e+06 1.9350e-08
9.8827e+06 1.9325e-08
9.8954e+06 1.9300e-08
9.9082e+06 1.9275e-08
9.9209e+06 1.9250e-08
9.9336e+06 1.9225e-08
9.9464e+06 1.9200e-08
9.9592e+06 1.9176e-08
9.9720e+06 1.9151e-08
9.9848e+06 1.9126e-08
9.9976e+06 1.9101e-08
1.0010e+07 1.9077e-08
1.0023e+07 1.9052e-08
1.0036e+07 1.9027e-08
1.0049e+07 1.9003e-08
1.0062e+07 1.8978e-08
1.0075e+07 1.8953e-08
1.0088e+07 1.8929e-08
1.0101e+07 1.8904e-08
1.0114e+07 1.8880e-08
1.0127e+07 1.8856e-08
1.0140e+07 1.8831e-08
1.0153e+07 1.8807e-08
1.0166e+07 1.8783e-08
1.0179e+07 1.8758e-08
1.0192e+07 1.8734e-08
1.0205e+07 1.8710e-08
1.0218e+07 1.8686e-08
1.0231e+07 1.8662e-08
1.0244e+07 1.8637e-08
1.0257e+07 1.8613e-08
1.0271e+07 1.8589e-08
1.0284e+07 1.8565e-08
1.0297e+07 1.8541e-08
1.0310e+07 1.8517e-08
1.0323e+07 1.8493e-08
1.0337e+07 1.8470e-08
1.0350e+07 1.8446e-08
1.0363e+07 1.8422e-08
1.0376e+07 1.8398e-08
1.0390e+07 1.8374e-08
1.0403e+07 1.8351e-08
1.0416e+07 1.8327e-08
1.0430e+07 1.8303e-08
1.0443e+07 1.8280e-08
1.0456e+07 1.8256e-08
1.0470e+07 1.8233e-08
1.0483e+07 1.8209e-08
1.0497e+07 1.8186e-08
1.0510e+07 1.8162e-08
1.0524e+07 1.8139e-08
1.0537e+07 1.8115e-08
1.0551e+07 1.8092e-08
1.0564e+07 1.8069e-08
1.0578e+07 1.8045e-08
1.0591e+07 1.8022e-08
1.0605e+07 1.7999e-08
1.0618e+07 1.7976e-08
1.0632e+07 1.7953e-08
1.0645e+07 1.7929e-08
1.0659e+07 1.7906e-08
1.0673e+07 1.7883e-08
1.0686e+07 1.7860e-08
1.0700e+07 1.7837e-08
1.0714e+07 1.7814e-08
1.0727e+07 1.7791e-08
1.0741e+07 1.7768e-08
1.0755e+07 1.7746e-08
1.0769e+07 1.7723e-08
1.0782e+07 1.7700e-08
1.0796e+07 1.7677e-08
1.0810e+07 1.7654e-08
1.0824e+07 1.7632e-08
1.0838e+07 1.7609e-08
1.0851e+07 1.7586e-08
1.0865e+07 1.7564e-08
1.0879e+07 1.7541e-08
1.0893e+07 1.7519e-08
1.0907e+07 1.7496e-08
1.0921e+07 1.7473e-08
1.0935e+07 1.7451e-08
1.0949e+07 1.7429e-08
1.0963e+07 1.7406e-08
1.0977e+07 1.7384e-08
1.0991e+07 1.7361e-08
1.1005e+07 1.7339e-08
1.1019e+07 1.7317e-08
1.1033e+07 1.7295e-08
1.1047e+07 1.7272e-08
1.1061e+07 1.7250e-08
1.1075e+07 1.7228e-08
1.1090e+07 1.7206e-08
1.1104e+07 1.7184e-08
1.1118e+07 1.7162e-08
1.1132e+07 1.7140e-08
1.1146e+07 1.7118e-08
1.1160e+07 1.7096e-08
1.1175e+07 1.7074e-08
1.1189e+07 1.7052e-08
1.1203e+07 1.7030e-08
1.1218e+07 1.7008e-08
1.1232e+07 1.6986e-08
1.1246e+07 1.6964e-08
1.1260e+07 1.6943e-08
1.1275e+07 1.6921e-08
1.1289e+07 1.6899e-08
1.1304e+07 1.6877e-08
1.1318e+07 1.6856e-08
1.1332e+07 1.6834e-08
1.1347e+07 1.6813e-08
1.1361e+07 1.6791e-08
1.1376e+07 1.6769e-08
1.1390e+07 1.6748e-08
1.1405e+07 1.6726e-08
1.1419e+07 1.6705e-08
1.1434e+07 1.6684e-08
1.1449e+07 1.6662e-08
1.1463e+07 1.6641e-08
1.1478e+07 1.6619e-08
1.1492e+07 1.6598e-08
1.1507e+07 1.6577e-08
1.1522e+07 1.6556e-08
1.1536e+07 1.6534e-08
1.1551e+07 1.6513e-08
1.1566e+07 1.6492e-08
1.1580e+07 1.6471e-08
1.1595e+07 1.6450e-08
1.1610e+07 1.6429e-08
1.1625e+07 1.6408e-08
1.1639e+07 1.6387e-08
1.1654e+07 1.6366e-08
1.1669e+07 1.6345e-08
1.1684e+07 1.6324e-08
1.1699e+07 1.6303e-08
1.1714e+07 1.6282e-08
1.1729e+07 1.6261e-08
1.1744e+07 1.6240e-08
1.1758e+07 1.6220e-08
1.1773e+07 1.6199e-08
1.1788e+07 1.6178e-08
1.1803e+07 1.6157e-08
1.1818e+07 1.6137e-08
1.1833e+07 1.6116e-08
1.1848e+07 1.6095e-08
1.1864e+07 1.6075e-08
1.1879e+07 1.6054e-08
1.1894e+07 1.6034e-08
1.1909e+07 1.6013e-08
1.1924e+07 1.5993e-08
1.1939e+07 1.5972e-08
1.1954e+07 1.5952e-08
1.1969e+07 1.5931e-08
1.1985e+07 1.5911e-08
1.2000e+07 1.5891e-08
1.2015e+07 1.5870e-08
1.2030e+07 1.5850e-08
1.2046e+07 1.5830e-08
1.2061e+07 1.5810e-08
1.2076e+07 1.5789e-08
1.2092e+07 1.5769e-08
1.2107e+07 1.5749e-08
1.2122e+07 1.5729e-08
1.2138e+07 1.5709e-08
1.2153e+07 1.5689e-08
1.2169e+07 1.5669e-08
1.2184e+07 1.5649e-08
1.2200e+07 1.5629e-08
1.2215e+07 1.5609e-08
1.2231e+07 1.5589e-08
1.2246e+07 1.5569e-08
1.2262e+07 1.5549e-08
1.2277e+07 1.5529e-08
1.2293e+07 1.5509e-08
1.2308e+07 1.5489e-08
1.2324e+07 1.5470e-08
1.2340e+07 1.5450e-08
1.2355e+07 1.5430e-08
1.2371e+07 1.5411e-08
1.2387e+07 1.5391e-08
1.2402e+07 1.5371e-08
1.2418e+07 1.5352e-08
1.2434e+07 1.5332e-08
1.2450e+07 1.5312e-08
1.2465e+07 1.5293e-08
1.2481e+07 1.5273e-08
1.2497e+07 1.5254e-08
1.2513e+07 1.5234e-08
1.2529e+07 1.5215e-08
1.2545e+07 1.5196e-08
1.2560e+07 1.5176e-08
1.2576e+07 1.5157e-08
1.2592e+07 1.5138e-08
1.2608e+07 1.5118e-08
1.2624e+07 1.5099e-08
1.2640e+07 1.5080e-08
1.2656e+07 1.5060e-08
1.2672e+07 1.5041e-08
1.2688e+07 1.5022e-08
1.2704e+07 1.5003e-08
1.2720e+07 1.4984e-08
1.2737e+07 1.4965e-08
1.2753e+07 1.4946e-08
1.2769e+07 1.4927e-08
1.2785e+07 1.4908e-08
1.2801e+07 1.4889e-08
1.2817e+07 1.4870e-08
1.2834e+07 1.4851e-08
1.2850e+07 1.4832e-08
1.2866e+07 1.4813e-08
1.2882e+07 1.4794e-08
1.2899e+07 1.4775e-08
1.2915e+07 1.4756e-08
1.2931e+07 1.4737e-08
1.2948e+07 1.4719e-08
1.2964e+07 1.4700e-08
1.2981e+07 1.4681e-08
1.2997e+07 1.4663e-08
1.3013e+07 1.4644e-08
1.3030e+07 1.4625e-08
1.3046e+07 1.4607e-08
1.3063e+07 1.4588e-08
1.3079e+07 1.4569e-08
1.3096e+07 1.4551e-08
1.3112e+07 1.4532e-08
1.3129e+07 1.4514e-08
1.3146e+07 1.4495e-08
1.3162e+07 1.4477e-08
1.3179e+07 1.4459e-08
1.3196e+07 1.4440e-08
1.3212e+07 1.4422e-08
1.3229e+07 1.4403e-08
1.3246e+07 1.4385e-08
1.3262e+07 1.4367e-08
1.3279e+07 1.4349e-08
1.3296e+07 1.4330e-08
1.3313e+07 1.4312e-08
1.3330e+07 1.4294e-08
1.3346e+07 1.4276e-08
1.3363e+07 1.4258e-08
1.3380e+07 1.4239e-08
1.3397e+07 1.4221e-08
1.3414e+07 1.4203e-08
1.3431e+07 1.4185e-08
1.3448e+07 1.4167e-08
1.3465e+07 1.4149e-08
1.3482e+07 1.4131e-08
1.3499e+07 1.4113e-08
1.3516e+07 1.4095e-08
1.3533e+07 1.4077e-08
1.3550e+07 1.4059e-08
1.3567e+07 1.4042e-08
1.3584e+07 1.4024e-08
1.3601e+07 1.4006e-08
1.3619e+07 1.3988e-08
1.3636e+07 1.3970e-08
1.3653e+07 1.3953e-08
1.3670e+07 1.3935e-08
1.3687e+07 1.3917e-08
1.3705e+07 1.3900e-08
1.3722e+07 1.3882e-08
1.3739e+07 1.3864e-08
1.3757e+07 1.3847e-08
1.3774e+07 1.3829e-08
1.3791e+07 1.3811e-08
1.3809e+07 1.3794e-08
1.3826e+07 1.3776e-08
1.3844e+07 1.3759e-08
1.3861e+07 1.3741e-08
1.3879e+07 1.3724e-08
1.3896e+07 1.3707e-08
1.3914e+07 1.3689e-08
1.3931e+07 1.3672e-08
1.3949e+07 1.3654e-08
1.3966e+07 1.3637e-08
1.3984e+07 1.3620e-08
1.4002e+07 1.3603e-08
1.4019e+07 1.3585e-08
1.4037e+07 1.3568e-08
1.4055e+07 1.3551e-08
1.4072e+07 1.3534e-08
1.4090e+07 1.3517e-08
1.4108e+07 1.3499e-08
1.4125e+07 1.3482e-08
1.4143e+07 1.3465e-08
1.4161e+07 1.3448e-08
1.4179e+07 1.3431e-08
1.4197e+07 1.3414e-08
1.4215e+07 1.3397e-08
1.4233e+07 1.3380e-08
1.4250e+07 1.3363e-08
1.4268e+07 1.3346e-08
1.4286e+07 1.3329e-08
1.4304e+07 1.3312e-08
1.4322e+07 1.3295e-08
1.4340e+07 1.3279e-08
1.4358e+07 1.3262e-08
1.4377e+07 1.3245e-08
1.4395e+07 1.3228e-08
1.4413e+07 1.3211e-08
1.4431e+07 1.3195e-08
1.4449e+07 1.3178e-08
1.4467e+07 1.3161e-08
1.4485e+07 1.3144e-08
1.4504e+07 1.3128e-08
1.4522e+07 1.3111e-08
1.4540e+07 1.3095e-08
1.4558e+07 1.3078e-08
1.4577e+07 1.3061e-08
1.4595e+07 1.3045e-08
1.4613e+07 1.3028e-08
1.4632e+07 1.3012e-08
1.4650e+07 1.2995e-08
1.4669e+07 1.2979e-08
1.4687e+07 1.2963e-08
1.4706e+07 1.2946e-08
1.4724e+07 1.2930e-08
1.4743e+07 1.2913e-08
1.4761e+07 1.2897e-08
1.4780e+07 1.2881e-08
1.4798e+07 1.2864e-08
1.4817e+07 1.2848e-08
1.4835e+07 1.2832e-08
1.4854e+07 1.2816e-08
1.4873e+07 1.2799e-08
1.4891e+07 1.2783e-08
1.4910e+07 1.2767e-08
1.4929e+07 1.2751e-08
1.4948e+07 1.2735e-08
1.4966e+07 1.2719e-08
1.4985e+07 1.2702e-08
1.5004e+07 1.2686e-08
1.5023e+07 1.2670e-08
1.5042e+07 1.2654e-08
1.5061e+07 1.2638e-08
1.5080e+07 1.2622e-08
1.5099e+07 1.2606e-08
1.5118e+07 1.2590e-08
1.5137e+07 1.2574e-08
1.5156e+07 1.2559e-08
1.5175e+07 1.2543e-08
1.5194e+07 1.2527e-08
1.5213e+07 1.2511e-08
1.5232e+07 1.2495e-08
1.5251e+07 1.2479e-08
1.5270e+07 1.2464e-08
1.5289e+07 1.2448e-08
1.5308e+07 1.2432e-08
1.5328e+07 1.2416e-08
1.5347e+07 1.2401e-08
1.5366e+07 1.2385e-08
1.5385e+07 1.2369e-08
1.5405e+07 1.2354e-08
1.5424e+07 1.2338e-08
1.5443e+07 1.2322e-08
1.5463e+07 1.2307e-08
1.5482e+07 1.2291e-08
1.5502e+07 1.2276e-08
1.5521e+07 1.2260e-08
1.5540e+07 1.2245e-08
1.5560e+07 1.2229e-08
1.5579e+07 1.2214e-08
1.5599e+07 1.2198e-08
1.5619e+07 1.2183e-08
1.5638e+07 1.2168e-08
1.5658e+07 1.2152e-08
1.5677e+07 1.2137e-08
1.5697e+07 1.2122e-08
1.5717e+07 1.2106e-08
1.5736e+07 1.2091e-08
1.5756e+07 1.2076e-08
1.5776e+07 1.2060e-08
1.5796e+07 1.2045e-08
1.5815e+07 1.2030e-08
1.5835e+07 1.2015e-08
1.5855e+07 1.2000e-08
1.5875e+07 1.1985e-08
1.5895e+07 1.1969e-08
1.5915e+07 1.1954e-08
1.5935e+07 1.1939e-08
1.5955e+07 1.1924e-08
1.5975e+07 1.1909e-08
1.5995e+07 1.1894e-08
1.6015e+07 1.1879e-08
1.6035e+07 1.1864e-08
1.6055e+07 1.1849e-08
1.6075e+07 1.1834e-08
1.6095e+07 1.1819e-08
1.6115e+07 1.1804e-08
1.6135e+07 1.1789e-08
1.6156e+07 1.1774e-08
1.6176e+07 1.1760e-08
1.6196e+07 1.1745e-08
1.6216e+07 1.1730e-08
1.6237e+07 1.1715e-08
1.6257e+07 1.1700e-08
1.6277e+07 1.1686e-08
1.6298e+07 1.1671e-08
1.6318e+07 1.1656e-08
1.6339e+07 1.1641e-08
1.6359e+07 1.1627e-08
1.6380e+07 1.1612e-08
1.6400e+07 1.1597e-08
1.6421e+07 1.1583e-08
1.6441e+07 1.1568e-08
1.6462e+07 1.1554e-08
1.6482e+07 1.1539e-08
1.6503e+07 1.1524e-08
1.6524e+07 1.1510e-08
1.6544e+07 1.1495e-08
1.6565e+07 1.1481e-08
1.6586e+07 1.1466e-08
1.6606e+07 1.1452e-08
1.6627e+07 1.1438e-08
1.6648e+07 1.1423e-08
1.6669e+07 1.1409e-08
1.6690e+07 1.1394e-08
1.6710e+07 1.1380e-08
1.6731e+07 1.1366e-08
1.6752e+07 1.1351e-08
1.6773e+07 1.1337e-08
1.6794e+07 1.1323e-08
1.6815e+07 1.1308e-08
1.6836e+07 1.1294e-08
1.6857e+07 1.1280e-08
1.6878e+07 1.1266e-08
1.6899e+07 1.1252e-08
1.6921e+07 1.1237e-08
1.6942e+07 1.1223e-08
1.6963e+07 1.1209e-08
1.6984e+07 1.1195e-08
1.7005e+07 1.1181e-08
1.7027e+07 1.1167e-08
1.7048e+07 1.1153e-08
1.7069e+07 1.1139e-08
1.7090e+07 1.1125e-08
1.7112e+07 1.1111e-08
1.7133e+07 1.1097e-08
1.7155e+07 1.1083e-08
1.7176e+07 1.1069e-08
1.7197e+07 1.1055e-08
1.7219e+07 1.1041e-08
1.7240e+07 1.1027e-08
1.7262e+07 1.1013e-08
1.7284e+07 1.0999e-08
1.7305e+07 1.0985e-08
1.7327e+07 1.0972e-08
1.7348e+07 1.0958e-08
1.7370e+07 1.0944e-08
1.7392e+07 1.0930e-08
1.7413e+07 1.0916e-08
1.7435e+07 1.0903e-08
1.7457e+07 1.0889e-08
1.7479e+07 1.0875e-08
1.7500e+07 1.0861e-08
1.7522e+07 1.0848e-08
1.7544e+07 1.0834e-08
1.7566e+07 1.0821e-08
1.7588e+07 1.0807e-08
1.7610e+07 1.0793e-08
1.7632e+07 1.0780e-08
1.7654e+07 1.0766e-08
1.7676e+07 1.0753e-08
1.7698e+07 1.0739e-08
1.7720e+07 1.0726e-08
1.7742e+07 1.0712e-08
1.7764e+07 1.0699e-08
1.7786e+07 1.0685e-08
1.7809e+07 1.0672e-08
1.7831e+07 1.0658e-08
1.7853e+07 1.0645e-08
1.7875e+07 1.0631e-08
1.7898e+07 1.0618e-08
1.7920e+07 1.0605e-08
1.7942e+07 1.0591e-08
1.7965e+07 1.0578e-08
1.7987e+07 1.0565e-08
1.8010e+07 1.0551e-08
1.8032e+07 1.0538e-08
1.8054e+07 1.0525e-08
1.8077e+07 1.0512e-08
1.8099e+07 1.0498e-08
1.8122e+07 1.0485e-08
1.8145e+07 1.0472e-08
1.8167e+07 1.0459e-08
1.8190e+07 1.0446e-08
1.8213e+07 1.0433e-08
1.8235e+07 1.0420e-08
1.8258e+07 1.0406e-08
1.8281e+07 1.0393e-08
1.8304e+07 1.0380e-08
1.8326e+07 1.0367e-08
1.8349e+07 1.0354e-08
1.8372e+07 1.0341e-08
1.8395e+07 1.0328e-08
1.8418e+07 1.0315e-08
1.8441e+07 1.0302e-08
1.8464e+07 1.0289e-08
1.8487e+07 1.0276e-08
1.8510e+07 1.0263e-08
1.8533e+07 1.0251e-08
1.8556e+07 1.0238e-08
1.8579e+07 1.0225e-08
1.8602e+07 1.0212e-08
1.8625e+07 1.0199e-08
1.8648e+07 1.0186e-08
1.8672e+07 1.0173e-08
1.8695e+07 1.0161e-08
1.8718e+07 1.0148e-08
1.8742e+07 1.0135e-08
1.8765e+07 1.0122e-08
1.8788e+07 1.0110e-08
1.8812e+07 1.0097e-08
1.8835e+07 1.0084e-08
1.8858e+07 1.0072e-08
1.8882e+07 1.0059e-08
1.8905e+07 1.0046e-08
1.8929e+07 1.0034e-08
1.8952e+07 1.0021e-08
1.8976e+07 1.0009e-08
1.9000e+07 9.9960e-09
1.9023e+07 9.9834e-09
1.9047e+07 9.9709e-09
1.9071e+07 9.9583e-09
1.9094e+07 9.9458e-09
1.9118e+07 9.9333e-09
1.9142e+07 9.9209e-09
1.9166e+07 9.9084e-09
1.9190e+07 9.8960e-09
1.9213e+07 9.8835e-09
1.9237e+07 9.8711e-09
1.9261e+07 9.8587e-09
1.9285e+07 9.8464e-09
1.9309e+07 9.8340e-09
1.9333e+07 9.8216e-09
1.9357e+07 9.8093e-09
1.9381e+07 9.7970e-09
1.9405e+07 9.7847e-09
1.9430e+07 9.7724e-09
1.9454e+07 9.7601e-09
1.9478e+07 9.7479e-09
1.9502e+07 9.7357e-09
1.9526e+07 9.7234e-09
1.9551e+07 9.7112e-09
1.9575e+07 9.6990e-09
1.9599e+07 9.6869e-09
1.9624e+07 9.6747e-09
1.9648e+07 9.6626e-09
1.9672e+07 9.6504e-09
1.9697e+07 9.6383e-09
1.9721e+07 9.6262e-09
1.9746e+07 9.6141e-09
1.9770e+07 9.6021e-09
1.9795e+07 9.5900e-09
1.9820e+07 9.5780e-09
1.9844e+07 9.5660e-09
1.9869e+07 9.5540e-09
1.9893e+07 9.5420e-09
1.9918e+07 9.5300e-09
1.9943e+07 9.5180e-09
1.9968e+07 9.5061e-09
1.9992e+07 9.4942e-09
2.0017e+07 9.4823e-09
2.0042e+07 9.4704e-09
2.0067e+07 9.4585e-09
2.0092e+07 9.4466e-09
2.0117e+07 9.4348e-09
2.0142e+07 9.4229e-09
2.0167e+07 9.4111e-09
2.0192e+07 9.3993e-09
2.0217e+07 9.3875e-09
2.0242e+07 9.3757e-09
2.0267e+07 9.3640e-09
2.0292e+07 9.3522e-09
2.0318e+07 9.3405e-09
2.0343e+07 9.3288e-09
2.0368e+07 9.3171e-09
2.0393e+07 9.3054e-09
2.0419e+07 9.2937e-09
2.0444e+07 9.2821e-09
2.0469e+07 9.2704e-09
2.0495e+07 9.2588e-09
2.0520e+07 9.2472e-09
2.0546e+07 9.2356e-09
2.0571e+07 9.2240e-09
2.0597e+07 9.2124e-09
2.0622e+07 9.2009e-09
2.0648e+07 9.1894e-09
2.0673e+07 9.1778e-09
2.0699e+07 9.1663e-09
2.0725e+07 9.1548e-09
2.0750e+07 9.1434e-09
2.0776e+07 9.1319e-09
2.0802e+07 9.1204e-09
2.0828e+07 9.1090e-09
2.0854e+07 9.0976e-09
2.0879e+07 9.0862e-09
2.0905e+07 9.0748e-09
2.0931e+07 9.0634e-09
2.0957e+07 9.0521e-09
2.0983e+07 9.0407e-09
2.1009e+07 9.0294e-09
2.1035e+07 9.0181e-09
2.1061e+07 9.0068e-09
2.1088e+07 8.9955e-09
2.1114e+07 8.9842e-09
2.1140e+07 8.9729e-09
2.1166e+07 8.9617e-09
2.1192e+07 8.9505e-09
2.1219e+07 8.9392e-09
2.1245e+07 8.9280e-09
2.1271e+07 8.9168e-09
2.1298e+07 8.9057e-09
2.1324e+07 8.8945e-09
2.1350e+07 8.8834e-09
2.1377e+07 8.8722e-09
2.1403e+07 8.8611e-09
2.1430e+07 8.8500e-09
2.1456e+07 8.8389e-09
2.1483e+07 8.8278e-09
2.1510e+07 8.8168e-09
2.1536e+07 8.8057e-09
2.1563e+07 8.7947e-09
2.1590e+07 8.7837e-09
2.1616e+07 8.7727e-09
2.1643e+07 8.7617e-09
2.1670e+07 8.7507e-09
2.1697e+07 8.7397e-09
2.1724e+07 8.7288e-09
2.1751e+07 8.7179e-09
2.1778e+07 8.7069e-09
2.1804e+07 8.6960e-09
2.1831e+07 8.6851e-09
2.1859e+07 8.6743e-09
2.1886e+07 8.6634e-09
2.1913e+07 8.6525e-09
2.1940e+07 8.6417e-09
2.1967e+07 8.6309e-09
2.1994e+07 8.6201e-09
2.2021e+07 8.6093e-09
2.2049e+07 8.5985e-09
2.2076e+07 8.5877e-09
2.2103e+07 8.5770e-09
2.2131e+07 8.5662e-09
2.2158e+07 8.5555e-09
2.2185e+07 8.5448e-09
2.2213e+07 8.5341e-09
2.2240e+07 8.5234e-09
2.2268e+07 8.5127e-09
2.2296e+07 8.5021e-09
2.2323e+07 8.4914e-09
2.2351e+07 8.4808e-09
2.2378e+07 8.4702e-09
2.2406e+07 8.4596e-09
2.2434e+07 8.4490e-09
2.2462e+07 8.4384e-09
2.2489e+07 8.4278e-09
2.2517e+07 8.4173e-09
2.2545e+07 8.4067e-09
2.2573e+07 8.3962e-09
2.2601e+07 8.3857e-09
2.2629e+07 8.3752e-09
2.2657e+07 8.3647e-09
2.2685e+07 8.3542e-09
2.2713e+07 8.3438e-09
2.2741e+07 8.3333e-09
2.2769e+07 8.3229e-09
2.2797e+07 8.3125e-09
2.2825e+07 8.3021e-09
2.2854e+07 8.2917e-09
2.2882e+07 8.2813e-09
2.2910e+07 8.2709e-09
2.2939e+07 8.2606e-09
2.2967e+07 8.2502e-09
2.2995e+07 8.2399e-09
2.3024e+07 8.2296e-09
2.3052e+07 8.2193e-09
2.3081e+07 8.2090e-09
2.3109e+07 8.1987e-09
2.3138e+07 8.1885e-09
2.3166e+07 8.1782e-09
2.3195e+07 8.1680e-09
2.3224e+07 8.1578e-09
2.3252e+07 8.1476e-09
2.3281e+07 8.1374e-09
2.3310e+07 8.1272e-09
2.3339e+07 8.1170e-09
2.3368e+07 8.1069e-09
2.3396e+07 8.0967e-09
2.3425e+07 8.0866e-09
2.3454e+07 8.0765e-09
2.3483e+07 8.0664e-09
2.3512e+07 8.0563e-09
2.3541e+07 8.0462e-09
2.3570e+07 8.0361e-09
2.3600e+07 8.0261e-09
2.3629e+07 8.0160e-09
2.3658e+07 8.0060e-09
2.3687e+07 7.9960e-09
2.3716e+07 7.9860e-09
2.3746e+07 7.9760e-09
2.3775e+07 7.9660e-09
2.3804e+07 7.9560e-09
2.3834e+07 7.9461e-09
2.3863e+07 7.9361e-09
2.3893e+07 7.9262e-09
2.3922e+07 7.9163e-09
2.3952e+07 7.9064e-09
2.3981e+07 7.8965e-09
2.4011e+07 7.8866e-09
2.4041e+07 7.8767e-09
2.4070e+07 7.8669e-09
2.4100e+07 7.8570e-09
2.4130e+07 7.8472e-09
2.4160e+07 7.8374e-09
2.4189e+07 7.8276e-09
2.4219e+07 7.8178e-09
2.4249e+07 7.8080e-09
2.4279e+07 7.7983e-09
2.4309e+07 7.7885e-09
2.4339e+07 7.7788e-09
2.4369e+07 7.7690e-09
2.4399e+07 7.7593e-09
2.4429e+07 7.7496e-09
2.4459e+07 7.7399e-09
2.4490e+07 7.7302e-09
2.4520e+07 7.7206e-09
2.4550e+07 7.7109e-09
2.4580e+07 7.7013e-09
2.4611e+07 7.6916e-09
2.4641e+07 7.6820e-09
2.4672e+07 7.6724e-09
2.4702e+07 7.6628e-09
2.4732e+07 7.6532e-09
2.4763e+07 7.6437e-09
2.4794e+07 7.6341e-09
2.4824e+07 7.6246e-09
2.4855e+07 7.6150e-09
2.4885e+07 7.6055e-09
2.4916e+07 7.5960e-09
2.4947e+07 7.5865e-09
2.4978e+07 7.5770e-09
2.5008e+07 7.5675e-09
2.5039e+07 7.5581e-09
2.5070e+07 7.5486e-09
2.5101e+07 7.5392e-09
2.5132e+07 7.5298e-09
2.5163e+07 7.5203e-09
2.5194e+07 7.5109e-09
2.5225e+07 7.5016e-09
2.5256e+07 7.4922e-09
2.5287e+07 7.4828e-09
2.5319e+07 7.4734e-09
2.5350e+07 7.4641e-09
2.5381e+07 7.4548e-09
2.5412e+07 7.4455e-09
2.5444e+07 7.4361e-09
2.5475e+07 7.4268e-09
2.5506e+07 7.4176e-09
2.5538e+07 7.4083e-09
2.5569e+07 7.3990e-09
2.5601e+07 7.3898e-09
2.5632e+07 7.3805e-09
2.5664e+07 7.3713e-09
2.5696e+07 7.3621e-09
2.5727e+07 7.3529e-09
2.5759e+07 7.3437e-09
2.5791e+07 7.3345e-09
2.5823e+07 7.3254e-09
2.5854e+07 7.3162e-09
2.5886e+07 7.3071e-09
2.5918e+07 7.2979e-09
2.5950e+07 7.2888e-09
2.5982e+07 7.2797e-09
2.6014e+07 7.2706e-09
2.6046e+07 7.2615e-09
2.6078e+07 7.2524e-09
2.6110e+07 7.2434e-09
2.6142e+07 7.2343e-09
2.6175e+07 7.2253e-09
2.6207e+07 7.2162e-09
2.6239e+07 7.2072e-09
2.6271e+07 7.1982e-09
2.6304e+07 7.1892e-09
2.6336e+07 7.1802e-09
2.6369e+07 7.1713e-09
2.6401e+07 7.1623e-09
2.6434e+07 7.1533e-09
2.6466e+07 7.1444e-09
2.6499e+07 7.1355e-09
2.6531e+07 7.1266e-09
2.6564e+07 7.1176e-09
2.6597e+07 7.1087e-09
2.6630e+07 7.0999e-09
2.6662e+07 7.0910e-09
2.6695e+07 7.0821e-09
2.6728e+07 7.0733e-09
2.6761e+07 7.0644e-09
2.6794e+07 7.0556e-09
2.6827e+07 7.0468e-09
2.6860e+07 7.0380e-09
2.6893e+07 7.0292e-09
2.6926e+07 7.0204e-09
2.6959e+07 7.0116e-09
2.6992e+07 7.0029e-09
2.7026e+07 6.9941e-09
2.7059e+07 6.9854e-09
2.7092e+07 6.9767e-09
2.7126e+07 6.9679e-09
2.7159e+07 6.9592e-09
2.7192e+07 6.9505e-09
2.7226e+07 6.9419e-09
2.7259e+07 6.9332e-09
2.7293e+07 6.9245e-09
2.7326e+07 6.9159e-09
2.7360e+07 6.9072e-09
2.7394e+07 6.8986e-09
2.7427e+07 6.8900e-09
2.7461e+07 6.8814e-09
2.7495e+07 6.8728e-09
2.7529e+07 6.8642e-09
2.7563e+07 6.8556e-09
2.7597e+07 6.8470e-09
2.7631e+07 6.8385e-09
2.7665e+07 6.8299e-09
2.7699e+07 6.8214e-09
2.7733e+07 6.8129e-09
2.7767e+07 6.8044e-09
2.7801e+07 6.7959e-09
2.7835e+07 6.7874e-09
2.7869e+07 6.7789e-09
2.7904e+07 6.7704e-09
2.7938e+07 6.7620e-09
2.7972e+07 6.7535e-09
2.8007e+07 6.7451e-09
2.8041e+07 6.7367e-09
2.8076e+07 6.7283e-09
2.8110e+07 6.7198e-09
2.8145e+07 6.7115e-09
2.8179e+07 6.7031e-09
2.8214e+07 6.6947e-09
2.8249e+07 6.6863e-09
2.8283e+07 6.6780e-09
2.8318e+07 6.6696e-09
2.8353e+07 6.6613e-09
2.8388e+07 6.6530e-09
2.8423e+07 6.6447e-09
2.8458e+07 6.6364e-09
2.8493e+07 6.6281e-09
2.8528e+07 6.6198e-09
2.8563e+07 6.6115e-09
2.8598e+07 6.6033e-09
2.8633e+07 6.5950e-09
2.8668e+07 6.5868e-09
2.8703e+07 6.5786e-09
2.8739e+07 6.5703e-09
2.8774e+07 6.5621e-09
2.8809e+07 6.5539e-09
2.8845e+07 6.5458e-09
2.8880e+07 6.5376e-09
2.8916e+07 6.5294e-09
2.8951e+07 6.5213e-09
2.8987e+07 6.5131e-09
2.9022e+07 6.5050e-09
2.9058e+07 6.4969e-09
2.9094e+07 6.4887e-09
2.9130e+07 6.4806e-09
2.9165e+07 6.4725e-09
2.9201e+07 6.4645e-09
2.9237e+07 6.4564e-09
2.9273e+07 6.4483e-09
2.9309e+07 6.4403e-09
2.9345e+07 6.4322e-09
2.9381e+07 6.4242e-09
2.9417e+07 6.4162e-09
2.9453e+07 6.4081e-09
2.9489e+07 6.4001e-09
2.9526e+07 6.3922e-09
2.9562e+07 6.3842e-09
2.9598e+07 6.3762e-09
2.9634e+07 6.3682e-09
2.9671e+07 6.3603e-09
2.9707e+07 6.3523e-09
2.9744e+07 6.3444e-09
2.9780e+07 6.3365e-09
2.9817e+07 6.3286e-09
2.9853e+07 6.3207e-09
2.9890e+07 6.3128e-09
2.9927e+07 6.3049e-09
2.9964e+07 6.2970e-09
3.0000e+07 6.2891e-09
3.0037e+07 6.2813e-09
3.0074e+07 6.2734e-09
3.0111e+07 6.2656e-09
3.0148e+07 6.2578e-09
3.0185e+07 6.2500e-09
3.0222e+07 6.2422e-09
3.0259e+07 6.2344e-09
3.0296e+07 6.2266e-09
3.0333e+07 6.2188e-09
3.0371e+07 6.2110e-09
3.0408e+07 6.2033e-09
3.0445e+07 6.1955e-09
3.0483e+07 6.1878e-09
3.0520e+07 6.1801e-09
3.0557e+07 6.1724e-09
3.0595e+07 6.1647e-09
3.0633e+07 6.1570e-09
3.0670e+07 6.1493e-09
3.0708e+07 6.1416e-09
3.0745e+07 6.1339e-09
3.0783e+07 6.1263e-09
3.0821e+07 6.1186e-09
3.0859e+07 6.1110e-09
3.0897e+07 6.1033e-09
3.0935e+07 6.0957e-09
3.0972e+07 6.0881e-09
3.1010e+07 6.0805e-09
3.1048e+07 6.0729e-09
3.1087e+07 6.0653e-09
3.1125e+07 6.0578e-09
3.1163e+07 6.0502e-09
3.1201e+07 6.0426e-09
3.1239e+07 6.0351e-09
3.1278e+07 6.0276e-09
3.1316e+07 6.0200e-09
3.1354e+07 6.0125e-09
3.1393e+07 6.0050e-09
3.1431e+07 5.9975e-09
3.1470e+07 5.9900e-09
3.1509e+07 5.9825e-09
3.1547e+07 5.9751e-09
3.1586e+07 5.9676e-09
3.1625e+07 5.9602e-09
3.1663e+07 5.9527e-09
3.1702e+07 5.9453e-09
3.1741e+07 5.9379e-09
3.1780e+07 5.9304e-09
3.1819e+07 5.9230e-09
3.1858e+07 5.9156e-09
3.1897e+07 5.9083e-09
3.1936e+07 5.9009e-09
3.1975e+07 5.8935e-09
3.2015e+07 5.8861e-09
3.2054e+07 5.8788e-09
3.2093e+07 5.8715e-09
3.2132e+07 5.8641e-09
3.2172e+07 5.8568e-09
3.2211e+07 5.8495e-09
3.2251e+07 5.8422e-09
3.2290e+07 5.8349e-09
3.2330e+07 5.8276e-09
3.2369e+07 5.8203e-09
3.2409e+07 5.8131e-09
3.2449e+07 5.8058e-09
3.2489e+07 5.7986e-09
3.2528e+07 5.7913e-09
3.2568e+07 5.7841e-09
3.2608e+07 5.7769e-09
3.2648e+07 5.7697e-09
3.2688e+07 5.7624e-09
3.2728e+07 5.7553e-09
3.2768e+07 5.7481e-09
3.2808e+07 5.7409e-09
3.2849e+07 5.7337e-09
3.2889e+07 5.7266e-09
3.2929e+07 5.7194e-09
3.2970e+07 5.7123e-09
3.3010e+07 5.7051e-09
3.3050e+07 5.6980e-09
3.3091e+07 5.6909e-09
3.3131e+07 5.6838e-09
3.3172e+07 5.6767e-09
3.3213e+07 5.6696e-09
3.3253e+07 5.6625e-09
3.3294e+07 5.6555e-09
3.3335e+07 5.6484e-09
3.3376e+07 5.6413e-09
3.3417e+07 5.6343e-09
3.3457e+07 5.6273e-09
3.3498e+07 5.6202e-09
3.3539e+07 5.6132e-09
3.3581e+07 5.6062e-09
3.3622e+07 5.5992e-09
3.3663e+07 5.5922e-09
3.3704e+07 5.5852e-09
3.3745e+07 5.5783e-09
3.3787e+07 5.5713e-09
3.3828e+07 5.5644e-09
3.3869e+07 5.5574e-09
3.3911e+07 5.5505e-09
3.3952e+07 5.5435e-09
3.3994e+07 5.5366e-09
3.4036e+07 5.5297e-09
3.4077e+07 5.5228e-09
3.4119e+07 5.5159e-09
3.4161e+07 5.5090e-09
3.4203e+07 5.5021e-09
3.4244e+07 5.4953e-09
3.4286e+07 5.4884e-09
3.4328e+07 5.4816e-09
3.4370e+07 5.4747e-09
3.4412e+07 5.4679e-09
3.4455e+07 5.4610e-09
3.4497e+07 5.4542e-09
3.4539e+07 5.4474e-09
3.4581e+07 5.4406e-09
3.4624e+07 5.4338e-09
3.4666e+07 5.4270e-09
3.4708e+07 5.4203e-09
3.4751e+07 5.4135e-09
3.4793e+07 5.4067e-09
3.4836e+07 5.4000e-09
3.4879e+07 5.3932e-09
3.4921e+07 5.3865e-09
3.4964e+07 5.3798e-09
3.5007e+07 5.3731e-09
3.5050e+07 5.3664e-09
3.5093e+07 5.3597e-09
3.5135e+07 5.3530e-09
3.5178e+07 5.3463e-09
3.5221e+07 5.3396e-09
3.5265e+07 5.3329e-09
3.5308e+07 5.3263e-09
3.5351e+07 5.3196e-09
3.5394e+07 5.3130e-09
3.5437e+07 5.3064e-09
3.5481e+07 5.2997e-09
3.5524e+07 5.2931e-09
3.5568e+07 5.2865e-09
3.5611e+07 5.2799e-09
3.5655e+07 5.2733e-09
3.5698e+07 5.2667e-09
3.5742e+07 5.2601e-09
3.5786e+07 5.2536e-09
3.5830e+07 5.2470e-09
3.5873e+07 5.2405e-09
3.5917e+07 5.2339e-09
3.5961e+07 5.2274e-09
3.6005e+07 5.2209e-09
3.6049e+07 5.2143e-09
3.6093e+07 5.2078e-09
3.6137e+07 5.2013e-09
3.6182e+07 5.1948e-09
3.6226e+07 5.1883e-09
3.6270e+07 5.1819e-09
3.6314e+07 5.1754e-09
3.6359e+07 5.1689e-09
3.6403e+07 5.1625e-09
3.6448e+07 5.1560e-09
3.6492e+07 5.1496e-09
3.6537e+07 5.1432e-09
3.6582e+07 5.1367e-09
3.6626e+07 5.1303e-09
3.6671e+07 5.1239e-09
3.6716e+07 5.1175e-09
3.6761e+07 5.1111e-09
3.6806e+07 5.1048e-09
3.6851e+07 5.0984e-09
3.6896e+07 5.0920e-09
3.6941e+07 5.0857e-09
3.6986e+07 5.0793e-09
3.7031e+07 5.0730e-09
3.7077e+07 5.0666e-09
3.7122e+07 5.0603e-09
3.7167e+07 5.0540e-09
3.7213e+07 5.0477e-09
3.7258e+07 5.0414e-09
3.7304e+07 5.0351e-09
3.7349e+07 5.0288e-09
3.7395e+07 5.0225e-09
3.7441e+07 5.0162e-09
3.7486e+07 5.0100e-09
3.7532e+07 5.0037e-09
3.7578e+07 4.9975e-09
3.7624e+07 4.9912e-09
3.7670e+07 4.9850e-09
3.7716e+07 4.9788e-09
3.7762e+07 4.9726e-09
3.7808e+07 4.9663e-09
3.7854e+07 4.9601e-09
3.7901e+07 4.9539e-09
3.7947e+07 4.9478e-09
3.7993e+07 4.9416e-09
3.8040e+07 4.9354e-09
3.8086e+07 4.9292e-09
3.8133e+07 4.9231e-09
3.8179e+07 4.9169e-09
3.8226e+07 4.9108e-09
3.8273e+07 4.9047e-09
3.8319e+07 4.8985e-09
3.8366e+07 4.8924e-09
3.8413e+07 4.8863e-09
3.8460e+07 4.8802e-09
3.8507e+07 4.8741e-09
3.8554e+07 4.8680e-09
3.8601e+07 4.8620e-09
3.8648e+07 4.8559e-09
3.8695e+07 4.8498e-09
3.8743e+07 4.8438e-09
3.8790e+07 4.8377e-09
3.8837e+07 4.8317e-09
3.8885e+07 4.8256e-09
3.8932e+07 4.8196e-09
3.8980e+07 4.8136e-09
3.9027e+07 4.8076e-09
3.9075e+07 4.8016e-09
3.9123e+07 4.7956e-09
3.9171e+07 4.7896e-09
3.9218e+07 4.7836e-09
3.9266e+07 4.7776e-09
3.9314e+07 4.7717e-09
3.9362e+07 4.7657e-09
3.9410e+07 4.7598e-09
3.9458e+07 4.7538e-09
3.9507e+07 4.7479e-09
3.9555e+07 4.7419e-09
3.9603e+07 4.7360e-09
3.9651e+07 4.7301e-09
3.9700e+07 4.7242e-09
3.9748e+07 4.7183e-09
3.9797e+07 4.7124e-09
3.9845e+07 4.7065e-09
3.9894e+07 4.7006e-09
3.9943e+07 4.6948e-09
3.9992e+07 4.6889e-09
4.0040e+07 4.6831e-09
4.0089e+07 4.6772e-09
4.0138e+07 4.6714e-09
4.0187e+07 4.6655e-09
4.0236e+07 4.6597e-09
4.0285e+07 4.6539e-09
4.0334e+07 4.6481e-09
4.0384e+07 4.6423e-09
4.0433e+07 4.6365e-09
4.0482e+07 4.6307e-09
4.0532e+07 4.6249e-09
4.0581e+07 4.6191e-09
4.0631e+07 4.6133e-09
4.0680e+07 4.6076e-09
4.0730e+07 4.6018e-09
4.0780e+07 4.5961e-09
4.0829e+07 4.5903e-09
4.0879e+07 4.5846e-09
4.0929e+07 4.5789e-09
4.0979e+07 4.5732e-09
4.1029e+07 4.5674e-09
4.1079e+07 4.5617e-09
4.1129e+07 4.5560e-09
4.1179e+07 4.5503e-09
4.1230e+07 4.5447e-09
4.1280e+07 4.5390e-09
4.1330e+07 4.5333e-09
4.1381e+07 4.5277e-09
4.1431e+07 4.5220e-09
4.1482e+07 4.5163e-09
4.1532e+07 4.5107e-09
4.1583e+07 4.5051e-09
4.1634e+07 4.4994e-09
4.1684e+07 4.4938e-09
4.1735e+07 4.4882e-09
4.1786e+07 4.4826e-09
4.1837e+07 4.4770e-09
4.1888e+07 4.4714e-09
4.1939e+07 4.4658e-09
4.1990e+07 4.4602e-09
4.2042e+07 4.4547e-09
4.2093e+07 4.4491e-09
4.2144e+07 4.4436e-09
4.2196e+07 4.4380e-09
4.2247e+07 4.4325e-09
4.2299e+07 4.4269e-09
4.2350e+07 4.4214e-09
4.2402e+07 4.4159e-09
4.2453e+07 4.4103e-09
4.2505e+07 4.4048e-09
4.2557e+07 4.3993e-09
4.2609e+07 4.3938e-09
4.2661e+07 4.3883e-09
4.2713e+07 4.3829e-09
4.2765e+07 4.3774e-09
4.2817e+07 4.3719e-09
4.2869e+07 4.3665e-09
4.2922e+07 4.3610e-09
4.2974e+07 4.3556e-09
4.3026e+07 4.3501e-09
4.3079e+07 4.3447e-09
4.3131e+07 4.3392e-09
4.3184e+07 4.3338e-09
4.3237e+07 4.3284e-09
4.3289e+07 4.3230e-09
4.3342e+07 4.3176e-09
4.3395e+07 4.3122e-09
4.3448e+07 4.3068e-09
4.3501e+07 4.3014e-09
4.3554e+07 4.2961e-09
4.3607e+07 4.2907e-09
4.3660e+07 4.2853e-09
4.3713e+07 4.2800e-09
4.3766e+07 4.2746e-09
4.3820e+07 4.2693e-09
4.3873e+07 4.2640e-09
4.3927e+07 4.2586e-09
4.3980e+07 4.2533e-09
4.4034e+07 4.2480e-09
4.4087e+07 4.2427e-09
4.4141e+07 4.2374e-09
4.4195e+07 4.2321e-09
4.4249e+07 4.2268e-09
4.4303e+07 4.2215e-09
4.4357e+07 4.2162e-09
4.4411e+07 4.2110e-09
4.4465e+07 4.2057e-09
4.4519e+07 4.2005e-09
4.4573e+07 4.1952e-09
4.4628e+07 4.1900e-09
4.4682e+07 4.1847e-09
4.4736e+07 4.1795e-09
4.4791e+07 4.1743e-09
4.4845e+07 4.1691e-09
4.4900e+07 4.1638e-09
4.4955e+07 4.1586e-09
4.5010e+07 4.1534e-09
4.5064e+07 4.1483e-09
4.5119e+07 4.1431e-09
4.5174e+07 4.1379e-09
4.5229e+07 4.1327e-09
4.5284e+07 4.1276e-09
4.5339e+07 4.1224e-09
4.5395e+07 4.1172e-09
4.5450e+07 4.1121e-09
4.5505e+07 4.1070e-09
4.5561e+07 4.1018e-09
4.5616e+07 4.0967e-09
4.5672e+07 4.0916e-09
4.5727e+07 4.0865e-09
4.5783e+07 4.0814e-09
4.5839e+07 4.0763e-09
4.5895e+07 4.0712e-09
4.5951e+07 4.0661e-09
4.6007e+07 4.0610e-09
4.6063e+07 4.0559e-09
4.6119e+07 4.0508e-09
4.6175e+07 4.0458e-09
4.6231e+07 4.0407e-09
4.6287e+07 4.0357e-09
4.6344e+07 4.0306e-09
4.6400e+07 4.0256e-09
4.6457e+07 4.0206e-09
4.6513e+07 4.0155e-09
4.6570e+07 4.0105e-09
4.6627e+07 4.0055e-09
4.6683e+07 4.0005e-09
4.6740e+07 3.9955e-09
4.6797e+07 3.9905e-09
4.6854e+07 3.9855e-09
4.6911e+07 3.9805e-09
4.6968e+07 3.9755e-09
4.7025e+07 3.9706e-09
4.7083e+07 3.9656e-09
4.7140e+07 3.9607e-09
4.7197e+07 3.9557e-09
4.7255e+07 3.9508e-09
4.7312e+07 3.9458e-09
4.7370e+07 3.9409e-09
4.7428e+07 3.9360e-09
4.7485e+07 3.9310e-09
4.7543e+07 3.9261e-09
4.7601e+07 3.9212e-09
4.7659e+07 3.9163e-09
4.7717e+07 3.9114e-09
4.7775e+07 3.9065e-09
4.7833e+07 3.9016e-09
4.7891e+07 3.8968e-09
4.7950e+07 3.8919e-09
4.8008e+07 3.8870e-09
4.8066e+07 3.8822e-09
4.8125e+07 3.8773e-09
4.8183e+07 3.8725e-09
4.8242e+07 3.8676e-09
4.8301e+07 3.8628e-09
4.8360e+07 3.8580e-09
4.8418e+07 3.8531e-09
4.8477e+07 3.8483e-09
4.8536e+07 3.8435e-09
4.8595e+07 3.8387e-09
4.8655e+07 3.8339e-09
4.8714e+07 3.8291e-09
4.8773e+07 3.8243e-09
4.8832e+07 3.8195e-09
4.8892e+07 3.8147e-09
4.8951e+07 3.8100e-09
4.9011e+07 3.8052e-09
4.9070e+07 3.8005e-09
4.9130e+07 3.7957e-09
4.9190e+07 3.7910e-09
4.9250e+07 3.7862e-09
4.9310e+07 3.7815e-09
4.9370e+07 3.7768e-09
4.9430e+07 3.7720e-09
4.9490e+07 3.7673e-09
4.9550e+07 3.7626e-09
4.9610e+07 3.7579e-09
4.9671e+07 3.7532e-09
4.9731e+07 3.7485e-09
4.9792e+07 3.7438e-09
4.9852e+07 3.7391e-09
4.9913e+07 3.7345e-09
4.9974e+07 3.7298e-09
5.0034e+07 3.7251e-09
5.0095e+07 3.7205e-09
5.0156e+07 3.7158e-09
5.0217e+07 3.7112e-09
5.0278e+07 3.7065e-09
5.0339e+07 3.7019e-09
5.0401e+07 3.6972e-09
5.0462e+07 3.6926e-09
5.0523e+07 3.6880e-09
5.0585e+07 3.6834e-09
5.0646e+07 3.6788e-09
5.0708e+07 3.6742e-09
5.0769e+07 3.6696e-09
5.0831e+07 3.6650e-09
5.0893e+07 3.6604e-09
5.0955e+07 3.6558e-09
5.1017e+07 3.6513e-09
5.1079e+07 3.6467e-09
5.1141e+07 3.6421e-09
5.1203e+07 3.6376e-09
5.1265e+07 3.6330e-09
5.1328e+07 3.6285e-09
5.1390e+07 3.6239e-09
5.1453e+07 3.6194e-09
5.1515e+07 3.6149e-09
5.1578e+07 3.6104e-09
5.1640e+07 3.6058e-09
5.1703e+07 3.6013e-09
5.1766e+07 3.5968e-09
5.1829e+07 3.5923e-09
5.1892e+07 3.5878e-09
5.1955e+07 3.5833e-09
5.2018e+07 3.5789e-09
5.2082e+07 3.5744e-09
5.2145e+07 3.5699e-09
5.2208e+07 3.5654e-09
5.2272e+07 3.5610e-09
5.2335e+07 3.5565e-09
5.2399e+07 3.5521e-09
5.2463e+07 3.5476e-09
5.2526e+07 3.5432e-09
5.2590e+07 3.5388e-09
5.2654e+07 3.5343e-09
5.2718e+07 3.5299e-09
5.2782e+07 3.5255e-09
5.2846e+07 3.5211e-09
5.2911e+07 3.5167e-09
5.2975e+07 3.5123e-09
5.3039e+07 3.5079e-09
5.3104e+07 3.5035e-09
5.3168e+07 3.4991e-09
5.3233e+07 3.4947e-09
5.3298e+07 3.4903e-09
5.3362e+07 3.4860e-09
5.3427e+07 3.4816e-09
5.3492e+07 3.4773e-09
5.3557e+07 3.4729e-09
5.3622e+07 3.4686e-09
5.3687e+07 3.4642e-09
5.3753e+07 3.4599e-09
5.3818e+07 3.4556e-09
5.3883e+07 3.4512e-09
5.3949e+07 3.4469e-09
5.4014e+07 3.4426e-09
5.4080e+07 3.4383e-09
5.4146e+07 3.4340e-09
5.4211e+07 3.4297e-09
5.4277e+07 3.4254e-09
5.4343e+07 3.4211e-09
5.4409e+07 3.4168e-09
5.4475e+07 3.4125e-09
5.4541e+07 3.4083e-09
5.4608e+07 3.4040e-09
5.4674e+07 3.3997e-09
5.4741e+07 3.3955e-09
5.4807e+07 3.3912e-09
5.4874e+07 3.3870e-09
5.4940e+07 3.3828e-09
5.5007e+07 3.3785e-09
5.5074e+07 3.3743e-09
5.5141e+07 3.3701e-09
5.5208e+07 3.3658e-09
5.5275e+07 3.3616e-09
5.5342e+07 3.3574e-09
5.5409e+07 3.3532e-09
5.5476e+07 3.3490e-09
5.5544e+07 3.3448e-09
5.5611e+07 3.3406e-09
5.5679e+07 3.3365e-09
5.5746e+07 3.3323e-09
5.5814e+07 3.3281e-09
5.5882e+07 3.3239e-09
5.5950e+07 3.3198e-09
5.6018e+07 3.3156e-09
5.6086e+07 3.3115e-09
5.6154e+07 3.3073e-09
5.6222e+07 3.3032e-09
5.6290e+07 3.2991e-09
5.6359e+07 3.2949e-09
5.6427e+07 3.2908e-09
5.6496e+07 3.2867e-09
5.6564e+07 3.2826e-09
5.6633e+07 3.2785e-09
5.6702e+07 3.2743e-09
5.6771e+07 3.2702e-09
5.6840e+07 3.2662e-09
5.6909e+07 3.2621e-09
5.6978e+07 3.2580e-09
5.7047e+07 3.2539e-09
5.7116e+07 3.2498e-09
5.7185e+07 3.2458e-09
5.7255e+07 3.2417e-09
5.7324e+07 3.2376e-09
5.7394e+07 3.2336e-09
5.7464e+07 3.2295e-09
5.7533e+07 3.2255e-09
5.7603e+07 3.2214e-09
5.7673e+07 3.2174e-09
5.7743e+07 3.2134e-09
5.7813e+07 3.2094e-09
5.7884e+07 3.2053e-09
5.7954e+07 3.2013e-09
5.8024e+07 3.1973e-09
5.8095e+07 3.1933e-09
5.8165e+07 3.1893e-09
5.8236e+07 3.1853e-09
5.8306e+07 3.1813e-09
5.8377e+07 3.1773e-09
5.8448e+07 3.1734e-09
5.8519e+07 3.1694e-09
5.8590e+07 3.1654e-09
5.8661e+07 3.1614e-09
5.8732e+07 3.1575e-09
5.8804e+07 3.1535e-09
5.8875e+07 3.1496e-09
5.8946e+07 3.1456e-09
5.9018e+07 3.1417e-09
5.9090e+07 3.1378e-09
5.9161e+07 3.1338e-09
5.9233e+07 3.1299e-09
5.9305e+07 3.1260e-09
5.9377e+07 3.1221e-09
5.9449e+07 3.1182e-09
5.9521e+07 3.1142e-09
5.9593e+07 3.1103e-09
5.9666e+07 3.1064e-09
5.9738e+07 3.1026e-09
5.9811e+07 3.0987e-09
5.9883e+07 3.0948e-09
5.9956e+07 3.0909e-09
6.0029e+07 3.0870e-09
6.0101e+07 3.0832e-09
6.0174e+07 3.0793e-09
6.0247e+07 3.0754e-09
6.0321e+07 3.0716e-09
6.0394e+07 3.0677e-09
6.0467e+07 3.0639e-09
6.0540e+07 3.0601e-09
6.0614e+07 3.0562e-09
6.0687e+07 3.0524e-09
6.0761e+07 3.0486e-09
6.0835e+07 3.0448e-09
6.0909e+07 3.0409e-09
6.0982e+07 3.0371e-09
6.1056e+07 3.0333e-09
6.1130e+07 3.0295e-09
6.1205e+07 3.0257e-09
6.1279e+07 3.0219e-09
6.1353e+07 3.0181e-09
6.1428e+07 3.0144e-09
6.1502e+07 3.0106e-09
6.1577e+07 3.0068e-09
6.1651e+07 3.0030e-09
6.1726e+07 2.9993e-09
6.1801e+07 2.9955e-09
6.1876e+07 2.9918e-09
6.1951e+07 2.9880e-09
6.2026e+07 2.9843e-09
6.2102e+07 2.9805e-09
6.2177e+07 2.9768e-09
6.2252e+07 2.9731e-09
6.2328e+07 2.9693e-09
6.2403e+07 2.9656e-09
6.2479e+07 2.9619e-09
6.2555e+07 2.9582e-09
6.2631e+07 2.9545e-09
6.2707e+07 2.9508e-09
6.2783e+07 2.9471e-09
6.2859e+07 2.9434e-09
6.2935e+07 2.9397e-09
6.3011e+07 2.9360e-09
6.3088e+07 2.9323e-09
6.3164e+07 2.9286e-09
6.3241e+07 2.9250e-09
6.3318e+07 2.9213e-09
6.3394e+07 2.9176e-09
6.3471e+07 2.9140e-09
6.3548e+07 2.9103e-09
6.3625e+07 2.9067e-09
6.3703e+07 2.9030e-09
6.3780e+07 2.8994e-09
6.3857e+07 2.8958e-09
6.3935e+07 2.8921e-09
6.4012e+07 2.8885e-09
6.4090e+07 2.8849e-09
6.4167e+07 2.8813e-09
6.4245e+07 2.8777e-09
6.4323e+07 2.8741e-09
6.4401e+07 2.8704e-09
6.4479e+07 2.8668e-09
6.4557e+07 2.8633e-09
6.4636e+07 2.8597e-09
6.4714e+07 2.8561e-09
6.4792e+07 2.8525e-09
6.4871e+07 2.8489e-09
6.4950e+07 2.8453e-09
6.5028e+07 2.8418e-09
6.5107e+07 2.8382e-09
6.5186e+07 2.8347e-09
6.5265e+07 2.8311e-09
6.5344e+07 2.8275e-09
6.5424e+07 2.8240e-09
6.5503e+07 2.8205e-09
6.5582e+07 2.8169e-09
6.5662e+07 2.8134e-09
6.5741e+07 2.8099e-09
6.5821e+07 2.8063e-09
6.5901e+07 2.8028e-09
6.5981e+07 2.7993e-09
6.6061e+07 2.7958e-09
6.6141e+07 2.7923e-09
6.6221e+07 2.7888e-09
6.6301e+07 2.7853e-09
6.6382e+07 2.7818e-09
6.6462e+07 2.7783e-09
6.6543e+07 2.7748e-09
6.6623e+07 2.7713e-09
6.6704e+07 2.7679e-09
6.6785e+07 2.7644e-09
6.6866e+07 2.7609e-09
6.6947e+07 2.7575e-09
6.7028e+07 2.7540e-09
6.7109e+07 2.7505e-09
6.7190e+07 2.7471e-09
6.7272e+07 2.7436e-09
6.7353e+07 2.7402e-09
6.7435e+07 2.7368e-09
6.7517e+07 2.7333e-09
6.7599e+07 2.7299e-09
6.7681e+07 2.7265e-09
6.7763e+07 2.7231e-09
6.7845e+07 2.7196e-09
6.7927e+07 2.7162e-09
6.8009e+07 2.7128e-09
6.8092e+07 2.7094e-09
6.8174e+07 2.7060e-09
6.8257e+07 2.7026e-09
6.8339e+07 2.6992e-09
6.8422e+07 2.6958e-09
6.8505e+07 2.6925e-09
6.8588e+07 2.6891e-09
6.8671e+07 2.6857e-09
6.8754e+07 2.6823e-09
6.8838e+07 2.6790e-09
6.8921e+07 2.6756e-09
6.9005e+07 2.6722e-09
6.9088e+07 2.6689e-09
6.9172e+07 2.6655e-09
6.9256e+07 2.6622e-09
6.9340e+07 2.6589e-09
6.9424e+07 2.6555e-09
6.9508e+07 2.6522e-09
6.9592e+07 2.6489e-09
6.9676e+07 2.6455e-09
6.9761e+07 2.6422e-09
6.9845e+07 2.6389e-09
6.9930e+07 2.6356e-09
7.0015e+07 2.6323e-09
7.0099e+07 2.6290e-09
7.0184e+07 2.6257e-09
7.0269e+07 2.6224e-09
7.0354e+07 2.6191e-09
7.0440e+07 2.6158e-09
7.0525e+07 2.6125e-09
7.0610e+07 2.6092e-09
7.0696e+07 2.6060e-09
7.0782e+07 2.6027e-09
7.0867e+07 2.5994e-09
7.0953e+07 2.5962e-09
7.1039e+07 2.5929e-09
7.1125e+07 2.5896e-09
7.1211e+07 2.5864e-09
7.1298e+07 2.5831e-09
7.1384e+07 2.5799e-09
7.1470e+07 2.5767e-09
7.1557e+07 2.5734e-09
7.1644e+07 2.5702e-09
7.1730e+07 2.5670e-09
7.1817e+07 2.5637e-09
7.1904e+07 2.5605e-09
7.1991e+07 2.5573e-09
7.2078e+07 2.5541e-09
7.2166e+07 2.5509e-09
7.2253e+07 2.5477e-09
7.2341e+07 2.5445e-09
7.2428e+07 2.5413e-09
7.2516e+07 2.5381e-09
7.2604e+07 2.5349e-09
7.2692e+07 2.5317e-09
7.2780e+07 2.5286e-09
7.2868e+07 2.5254e-09
7.2956e+07 2.5222e-09
7.3044e+07 2.5190e-09
7.3133e+07 2.5159e-09
7.3221e+07 2.5127e-09
7.3310e+07 2.5096e-09
7.3399e+07 2.5064e-09
7.3488e+07 2.5033e-09
7.3577e+07 2.5001e-09
7.3666e+07 2.4970e-09
7.3755e+07 2.4938e-09
7.3844e+07 2.4907e-09
7.3934e+07 2.4876e-09
7.4023e+07 2.4845e-09
7.4113e+07 2.4813e-09
7.4203e+07 2.4782e-09
7.4292e+07 2.4751e-09
7.4382e+07 2.4720e-09
7.4472e+07 2.4689e-09
7.4563e+07 2.4658e-09
7.4653e+07 2.4627e-09
7.4743e+07 2.4596e-09
7.4834e+07 2.4565e-09
7.4924e+07 2.4534e-09
7.5015e+07 2.4503e-09
7.5106e+07 2.4473e-09
7.5197e+07 2.4442e-09
7.5288e+07 2.4411e-09
7.5379e+07 2.4381e-09
7.5470e+07 2.4350e-09
7.5562e+07 2.4319e-09
7.5653e+07 2.4289e-09
7.5745e+07 2.4258e-09
7.5836e+07 2.4228e-09
7.5928e+07 2.4197e-09
7.6020e+07 2.4167e-09
7.6112e+07 2.4137e-09
7.6204e+07 2.4106e-09
7.6296e+07 2.4076e-09
7.6389e+07 2.4046e-09
7.6481e+07 2.4015e-09
7.6574e+07 2.3985e-09
7.6666e+07 2.3955e-09
7.6759e+07 2.3925e-09
7.6852e+07 2.3895e-09
7.6945e+07 2.3865e-09
7.7038e+07 2.3835e-09
7.7131e+07 2.3805e-09
7.7225e+07 2.3775e-09
7.7318e+07 2.3745e-09
7.7412e+07 2.3715e-09
7.7506e+07 2.3686e-09
7.7599e+07 2.3656e-09
7.7693e+07 2.3626e-09
7.7787e+07 2.3596e-09
7.7881e+07 2.3567e-09
7.7976e+07 2.3537e-09
7.8070e+07 2.3508e-09
7.8165e+07 2.3478e-09
7.8259e+07 2.3448e-09
7.8354e+07 2.3419e-09
7.8449e+07 2.3390e-09
7.8544e+07 2.3360e-09
7.8639e+07 2.3331e-09
7.8734e+07 2.3301e-09
7.8829e+07 2.3272e-09
7.8924e+07 2.3243e-09
7.9020e+07 2.3214e-09
7.9116e+07 2.3185e-09
7.9211e+07 2.3155e-09
7.9307e+07 2.3126e-09
7.9403e+07 2.3097e-09
7.9499e+07 2.3068e-09
7.9595e+07 2.3039e-09
7.9692e+07 2.3010e-09
7.9788e+07 2.2981e-09
7.9885e+07 2.2952e-09
7.9981e+07 2.2923e-09
8.0078e+07 2.2895e-09
8.0175e+07 2.2866e-09
8.0272e+07 2.2837e-09
8.0369e+07 2.2808e-09
8.0466e+07 2.2780e-09
8.0564e+07 2.2751e-09
8.0661e+07 2.2722e-09
8.0759e+07 2.2694e-09
8.0856e+07 2.2665e-09
8.0954e+07 2.2637e-09
8.1052e+07 2.2608e-09
8.1150e+07 2.2580e-09
8.1248e+07 2.2552e-09
8.1347e+07 2.2523e-09
8.1445e+07 2.2495e-09
8.1544e+07 2.2467e-09
8.1642e+07 2.2438e-09
8.1741e+07 2.2410e-09
8.1840e+07 2.2382e-09
8.1939e+07 2.2354e-09
8.2038e+07 2.2326e-09
8.2137e+07 2.2298e-09
8.2237e+07 2.2270e-09
8.2336e+07 2.2242e-09
8.2436e+07 2.2214e-09
8.2535e+07 2.2186e-09
8.2635e+07 2.2158e-09
8.2735e+07 2.2130e-09
8.2835e+07 2.2102e-09
8.2935e+07 2.2074e-09
8.3036e+07 2.2046e-09
8.3136e+07 2.2019e-09
8.3237e+07 2.1991e-09
8.3337e+07 2.1963e-09
8.3438e+07 2.1936e-09
8.3539e+07 2.1908e-09
8.3640e+07 2.1881e-09
8.3741e+07 2.1853e-09
8.3842e+07 2.1826e-09
8.3944e+07 2.1798e-09
8.4045e+07 2.1771e-09
8.4147e+07 2.1743e-09
8.4249e+07 2.1716e-09
8.4351e+07 2.1689e-09
8.4453e+07 2.1661e-09
8.4555e+07 2.1634e-09
8.4657e+07 2.1607e-09
8.4759e+07 2.1580e-09
8.4862e+07 2.1552e-09
8.4965e+07 2.1525e-09
8.5067e+07 2.1498e-09
8.5170e+07 2.1471e-09
8.5273e+07 2.1444e-09
8.5376e+07 2.1417e-09
8.5480e+07 2.1390e-09
8.5583e+07 2.1363e-09
8.5686e+07 2.1336e-09
8.5790e+07 2.1310e-09
