1.06066e+16 6.51449e-16
3.18198e+16 7.71908e-17
5.3033e+16 3.99907e-17
7.42462e+16 2.51383e-17
9.54594e+16 1.91268e-17
1.16673e+17 1.45992e-17
1.37886e+17 1.194e-17
1.59099e+17 9.42361e-18
1.80312e+17 9.20081e-18
2.01525e+17 8.3471e-18
2.22739e+17 5.17286e-18
2.43952e+17 6.55456e-18
2.65165e+17 4.33073e-18
2.86378e+17 6.62994e-18
3.07591e+17 4.41869e-18
3.28805e+17 6.5244e-18
3.50018e+17 4.20876e-18
3.71231e+17 4.36776e-18
3.92444e+17 3.86529e-18
4.13657e+17 1.9633e-18
4.34871e+17 4.05533e-18
4.56084e+17 4.29388e-18
4.77297e+17 4.00072e-18
4.9851e+17 2.93344e-18
5.19723e+17 1.74162e-18
5.40937e+17 2.43156e-18
5.6215e+17 2.25366e-18
5.83363e+17 2.95174e-18
6.04576e+17 3.54614e-18
6.2579e+17 2.94813e-18
6.47003e+17 2.4552e-18
6.68216e+17 2.86974e-18
6.89429e+17 1.27091e-18
7.10642e+17 2.54001e-18
7.31856e+17 2.75124e-18
7.53069e+17 3.29272e-18
7.74282e+17 9.9196e-19
7.95495e+17 2.29467e-18
8.16708e+17 1.99809e-18
8.37922e+17 3.15877e-18
8.59135e+17 4.23727e-19
8.80348e+17 2.89637e-18
9.01561e+17 2.02929e-18
9.22774e+17 2.70753e-18
9.43988e+17 7.33002e-19
9.65201e+17 1.87626e-18
9.86414e+17 3.11621e-18
1.00763e+18 1.99198e-18
1.02884e+18 2.01517e-18
1.05005e+18 1.29505e-18
1.07127e+18 1.65707e-18
1.09248e+18 1.28335e-18
1.11369e+18 2.51955e-18
1.13491e+18 1.0579e-18
1.15612e+18 2.95336e-18
1.17733e+18 1.23361e-18
1.19855e+18 1.32258e-18
1.21976e+18 1.1781e-18
1.24097e+18 1.08206e-18
1.26219e+18 1.47722e-18
1.2834e+18 1.56085e-18
1.30461e+18 2.56832e-18
1.32583e+18 5.7085e-19
1.34704e+18 2.10269e-18
1.36825e+18 1.63295e-18
1.38946e+18 1.86508e-18
1.41068e+18 4.50939e-19
1.43189e+18 2.1571e-18
1.4531e+18 7.77522e-20
1.47432e+18 3.14914e-18
1.49553e+18 1.53848e-19
1.51674e+18 2.07563e-18
1.53796e+18 1.51912e-18
1.55917e+18 1.65019e-18
1.58038e+18 4.53387e-19
1.6016e+18 2.17625e-18
1.62281e+18 9.91569e-19
1.64402e+18 2.44688e-18
1.66524e+18 8.84712e-19
1.68645e+18 2.00384e-18
1.70766e+18 1.33389e-19
1.72888e+18 2.17958e-18
1.75009e+18 1.13941e-18
1.7713e+18 7.83585e-19
1.79252e+18 1.66107e-18
1.81373e+18 9.61202e-19
1.83494e+18 7.48999e-19
1.85616e+18 1.94456e-18
1.87737e+18 1.05995e-18
1.89858e+18 4.22323e-19
1.91979e+18 1.42717e-18
1.94101e+18 1.50141e-18
1.96222e+18 1.20564e-18
1.98343e+18 4.02705e-19
2.00465e+18 1.86239e-18
2.02586e+18 1.33505e-18
2.04707e+18 1.45761e-18
2.06829e+18 9.60696e-19
2.0895e+18 6.39714e-19
2.11071e+18 1.62481e-18
2.13193e+18 4.05568e-19
2.15314e+18 7.22275e-19
2.17435e+18 1.16535e-18
2.19557e+18 1.0292e-18
2.21678e+18 6.86937e-19
2.23799e+18 1.94124e-18
2.25921e+18 1.5071e-18
2.28042e+18 7.67733e-19
2.30163e+18 7.30202e-19
2.32285e+18 1.08937e-18
2.34406e+18 6.31906e-19
2.36527e+18 1.95221e-18
2.38649e+18 4.8172e-19
2.4077e+18 1.55241e-18
2.42891e+18 6.65396e-19
2.45012e+18 1.35021e-18
2.47134e+18 9.26491e-19
2.49255e+18 1.78835e-18
2.51376e+18 6.23146e-19
2.53498e+18 1.73162e-18
2.55619e+18 2.34113e-19
2.5774e+18 4.30432e-19
2.59862e+18 2.24313e-18
2.61983e+18 9.32355e-19
2.64104e+18 6.40889e-19
2.66226e+18 6.31092e-19
2.68347e+18 1.35743e-18
2.70468e+18 1.18828e-18
2.7259e+18 1.74031e-18
2.74711e+18 3.28182e-19
2.76832e+18 1.71749e-18
2.78954e+18 6.64331e-19
2.81075e+18 8.02451e-19
2.83196e+18 1.07377e-18
2.85318e+18 1.35912e-18
2.87439e+18 7.88672e-19
2.8956e+18 1.33404e-18
2.91682e+18 1.36021e-18
2.93803e+18 1.41675e-18
2.95924e+18 1.21309e-18
2.98046e+18 2.00082e-18
3.00167e+18 1.01189e-18
3.02288e+18 1.47704e-20
3.04409e+18 0
3.06531e+18 0
3.08652e+18 0
3.10773e+18 0
3.12895e+18 0
3.15016e+18 0
3.17137e+18 0
3.19259e+18 0
3.2138e+18 0
3.23501e+18 0
3.25623e+18 0
3.27744e+18 0
3.29865e+18 0
3.31987e+18 0
3.34108e+18 0
3.36229e+18 0
3.38351e+18 0
3.40472e+18 0
3.42593e+18 0
3.44715e+18 0
3.46836e+18 0
3.48957e+18 0
3.51079e+18 0
3.532e+18 0
3.55321e+18 0
3.57442e+18 0
3.59564e+18 0
3.61685e+18 0
3.63806e+18 0
3.65928e+18 0
3.68049e+18 0
3.7017e+18 0
3.72292e+18 0
3.74413e+18 0
3.76534e+18 0
3.78656e+18 0
3.80777e+18 0
3.82898e+18 0
3.8502e+18 0
3.87141e+18 0
3.89262e+18 0
3.91384e+18 0
3.93505e+18 0
3.95626e+18 0
3.97748e+18 0
3.99869e+18 0
4.0199e+18 0
4.04112e+18 0
4.06233e+18 0
4.08354e+18 0
4.10475e+18 0
4.12597e+18 0
4.14718e+18 0
4.16839e+18 0
4.18961e+18 0
4.21082e+18 0
4.23203e+18 0
