10.1652
4.74619
-8.46261
5.71253
4.72708
-6.4698
-6.78836
-8.41344
-6.97203
-10.1773
-11.1712
9.81734
7.75964
10.5882
10.207
-2.65175
7.57499
-7.02561
-3.87971
-6.14924
-9.92867
-9.59521
7.85173
8.48231
8.80585
7.96806
5.89006
4.08451
-4.41804
10.3152
-5.5762
-9.76606
7.27535
5.37714
-6.42309
4.69889
-4.89253
-7.08983
-8.5806
-7.77273
7.92635
-12.2275
4.30677
7.94986
-9.69455
5.28667
-3.55951
-8.39162
9.78888
3.85674
-5.61981
4.93865
-8.60814
7.17514
11.2914
-7.15676
5.48032
-12.3759
6.11324
-9.4703
-10.0786
-4.14155
4.68707
-6.30238
-8.35972
-1.82766
7.14803
10.4193
7.51715
-9.24734
-4.27884
-6.02818
8.51541
7.62062
-8.97733
4.70404
-4.75592
4.83546
4.27128
10.5341
5.53321
-13.5373
-4.64699
6.79562
-7.30973
2.5225
6.52057
7.63676
6.36099
5.65647
7.2709
-6.31946
-6.67943
5.13883
-4.19923
-8.07249
-5.04092
-7.83667
8.04968
7.12341
-8.74734
-8.57876
7.6852
10.1278
8.38944
-8.36059
-4.86467
-8.31261
8.6223
8.74947
7.66803
6.15509
6.22067
6.09017
-3.75826
-3.88226
-4.64998
3.89172
7.4257
6.51532
8.0838
8.06241
5.77548
-11.7906
10.4666
-6.11632
4.34481
5.32609
9.02678
-9.2213
-6.33544
-8.87607
7.54943
9.01404
10.955
5.01061
-3.14895
7.89213
-3.13943
9.7758
4.48135
4.69875
10.1836
3.46072
-4.89961
4.41522
4.9345
-6.11125
-8.85908
-8.37858
5.68737
-9.64838
10.6412
7.74474
-5.8942
4.52951
10.041
10.8088
-7.48991
5.07481
6.12958
13.1657
3.80517
-4.92365
-6.15004
-6.23051
11.4605
-10.3455
-3.93722
3.66421
-2.6634
8.34133
-4.73443
11.1135
-8.74883
-3.92311
-7.22612
-10.2937
-5.82456
-4.77986
10.0012
-7.34342
-7.94316
-5.52383
5.75382
-8.83449
4.18627
6.91538
6.13061
6.71265
-5.5814
-7.74503
3.94754
-7.60411
8.21122
8.58003
-13.1054
-4.8402
-4.55587
5.29477
7.88999
-11.8594
-8.95843
7.1601
-7.60428
7.11301
7.18664
-4.80418
-5.08508
4.66006
-8.44194
-5.47452
-6.94576
10.1429
-4.88594
5.21537
-7.3192
4.89052
-5.39927
9.14654
-9.50273
7.49554
-7.77591
-4.81774
5.37845
-12.8569
5.66515
10.0648
8.1214
7.47121
7.89862
-5.85215
-6.59335
7.28166
-5.62182
7.09478
10.9062
8.41105
-3.67893
5.51781
8.77865
-6.5216
-5.89516
4.55184
-6.53675
-3.54211
7.72337
4.51405
8.96798
-7.18938
-10.6995
-5.99064
-7.45081
5.45901
4.30109
9.01635
-7.29361
-5.85969
9.45994
-3.89071
-8.293
8.80716
-5.11679
8.26491
3.26202
5.59507
4.07215
10.2774
-8.89748
-6.98822
10.3883
8.61367
6.8943
-6.16306
4.0462
-6.93992
6.2266
-5.86012
-4.36461
-5.8828
7.90102
-7.50643
3.6223
-10.7512
-7.17884
5.35687
6.66008
-7.86485
-7.74974
-7.48314
-6.1603
-7.35824
3.48593
-6.27379
-11.0581
-5.96693
-7.33981
5.37562
-4.3077
-9.77005
9.97569
-5.32273
-7.06958
-6.88279
-3.82637
-6.43847
-9.49989
-4.09418
-10.2629
5.2542
6.31032
7.14372
9.10873
-4.79935
-6.46482
6.83611
10.4863
9.66166
5.36624
-6.72324
-7.43795
-11.6948
-10.3203
-9.00362
-5.61098
4.06342
4.87121
8.08367
13.7567
6.39699
7.13567
-7.48848
-11.1635
6.25305
-6.02862
-8.63786
-7.90293
6.55668
4.953
-3.72272
7.53318
7.52102
8.20252
-3.51379
-8.74487
-7.81999
-11.9661
-8.33012
6.71187
6.54972
7.05697
-11.0805
-3.59524
-9.79693
9.39734
10.9704
-4.16737
-4.82223
6.93131
-4.04806
7.04684
11.4718
-9.34635
11.2857
8.1666
-4.7633
6.91589
-6.842
12.8434
-10.5018
8.01169
-7.6363
-5.80219
-8.23189
6.08826
-4.06463
8.44294
-4.52224
-5.93043
-9.04227
8.11936
-7.99614
14.81
4.33252
-7.47196
-8.27366
6.92985
5.27241
8.01762
-6.22519
-8.33861
-11.6983
-6.57122
5.83624
9.56576
-6.22616
-8.25222
-4.81752
-5.44777
6.63834
7.45883
-8.16596
-5.77907
7.73793
-8.21311
5.25714
-8.49162
-7.5168
-3.27491
-9.22079
8.37673
12.705
10.9599
-7.98886
-5.88316
5.16574
7.56385
6.72169
3.66066
-5.70543
10.5702
-5.09301
-7.08148
6.61376
7.49471
-6.47149
-11.4877
6.3387
6.28718
-5.42473
-8.57123
-12.8706
-8.66952
-5.77456
3.98952
6.8201
5.29375
5.36952
-8.50144
6.80884
-6.75097
-4.44448
4.98294
8.70658
-4.64636
7.4652
-9.37208
5.30588
9.61417
-3.60342
7.24442
-6.61364
-6.51606
7.12263
-4.44465
-7.48486
-3.44339
-6.3874
4.06534
-6.94912
5.88292
9.31763
-3.25476
-5.99798
6.1271
6.7601
-4.0368
-2.95369
-9.88677
-6.26335
8.45433
-8.99087
4.53355
-10.7565
-3.8065
-6.07015
-10.6579
7.31147
-6.37633
-7.94894
5.90636
6.1945
5.70461
-6.77704
8.37225
-6.83299
-9.55063
-5.06017
-3.57189
9.73688
7.47457
-5.53811
-4.8182
-6.42001
4.45399
5.10656
-7.78882
6.96765
-6.08885
7.71687
6.07279
-3.94651
-8.11015
8.02353
5.27136
6.12951
-6.94728
-8.03008
-9.33392
9.31178
8.69782
-9.20932
9.91517
-6.11005
7.74924
-11.4099
-8.10635
-6.85405
-1.41663
5.97253
-13.1755
10.4268
-5.70074
8.12108
10.6141
9.246
-4.60523
-4.71523
9.32891
10.2291
-9.86707
-10.8007
7.26524
-7.74162
-6.13631
-6.51735
6.2246
5.30586
-8.21902
5.60901
8.23215
-8.39113
-6.08825
10.3613
5.43213
5.04253
8.13183
8.51829
4.51769
-3.39056
5.94803
-10.8127
-4.98235
6.06572
6.21086
4.69355
6.46273
3.24139
-7.17969
9.08418
12.6196
-10.0296
-4.9957
-8.7084
5.78438
3.78225
6.68668
-6.88025
4.89601
-5.16149
6.76194
-11.0826
-3.19371
-14.3379
5.8376
5.72295
6.81957
11.5479
5.91667
4.02141
3.8894
6.68356
6.88438
2.86764
-9.72011
6.37459
9.17465
4.31565
9.59477
-10.5326
-3.96583
-7.9489
-6.50235
-7.57318
-7.54487
-8.72534
4.17997
8.44984
-13.7289
-7.58472
-6.35219
6.21876
-3.58441
-4.1587
8.6145
8.23943
-8.02009
-9.6009
9.73515
7.34311
-6.29599
9.62075
5.65159
8.09727
-11.1751
8.97859
5.433
5.4492
6.68265
5.71073
-8.05083
3.68284
4.12527
5.39403
7.89156
-11.3879
-6.81056
7.00377
-7.54132
-6.81852
4.95203
-7.78324
-7.16196
10.0366
3.78431
-5.16685
-9.34981
-4.54529
-4.1918
-9.76085
9.55221
-8.31601
9.08276
-5.53187
4.19552
5.1758
-3.99438
-5.89591
-5.60917
8.60846
-3.52444
-8.38533
-8.51421
-8.36395
7.01023
-6.98816
-9.60809
-9.9869
-6.59301
3.21705
10.5611
7.1017
-7.91171
5.45845
5.84175
-4.50386
8.19662
-10.1174
-6.56677
8.71596
8.64904
-3.64435
-4.90033
8.19009
5.1996
6.70712
6.08669
-6.85172
3.08065
6.73756
-6.53671
7.103
-9.27905
6.92518
-7.75304
5.52322
-5.1691
-9.4111
11.411
-6.86779
-6.6094
-6.01683
-6.10709
0.136254
6.79974
7.02216
-5.50449
9.31923
-5.23527
-9.12532
-6.8958
5.56918
8.57149
-4.39332
5.54809
7.35038
9.43231
-8.62195
11.1361
-9.17929
-8.04481
5.90253
5.93455
-8.34757
-9.29823
-5.43151
-4.44417
-6.93209
-7.56417
-5.38622
-10.3226
-4.62952
-5.77874
9.03598
4.57421
7.43929
-8.75202
-3.6902
8.2744
8.5689
9.74069
-9.02329
-11.6208
7.9092
-4.06643
-8.86333
-7.6791
8.48911
-5.26272
-13.3199
8.53087
10.4383
10.1535
-7.7317
10.7335
7.84384
6.31588
-6.50765
-6.50567
6.80495
6.61512
-6.71356
-5.99924
3.97684
6.11618
-5.0226
6.62257
8.34866
-5.24779
-6.47905
-7.82049
-8.97703
-8.33764
6.37316
-7.75239
-4.41037
8.37756
8.66081
5.14929
-8.37678
-7.07049
9.01549
6.79688
9.42731
7.27836
8.41891
8.31198
4.83918
10.337
8.14028
-6.74627
-6.62677
6.99421
10.1283
4.99055
-6.16395
8.00629
-4.98951
-4.88183
-3.56881
-11.1619
10.8101
-7.0508
-6.38133
-8.76996
-4.8316
3.37291
8.4318
6.74584
3.09857
5.95964
-5.32446
-7.10837
-3.79725
6.93845
-4.82899
-2.61536
5.64977
-8.39651
-7.27211
-9.28533
9.37391
-7.73043
-6.05573
3.6219
-6.22739
4.75927
10.1472
-5.61025
-6.01503
-8.0532
-6.77339
8.64501
-7.39243
6.31792
-6.51619
5.2932
7.7933
-6.58784
-6.45343
-10.7591
8.38864
9.49311
5.87302
-11.0241
-9.48308
7.37309
2.73526
4.18024
-4.90291
-4.88238
-7.09132
-3.22486
4.91214
5.52703
-8.4807
-5.81462
3.62679
-5.19699
6.4478
9.02227
-5.34198
6.04088
10.5068
-9.2142
6.77427
-4.8011
-4.32737
-7.67387
10.7145
-9.09368
6.48476
3.02802
7.57027
6.35164
-8.81987
6.98924
5.81124
-5.80659
-4.50999
4.81229
-10.0356
10.0425
-8.1929
9.45995
-8.20629
-7.54181
10.2246
-4.32384
-6.06691
-4.88842
6.81774
-11.5889
-4.98529
-8.11937
-7.89642
6.7014
3.9984
8.08302
-5.54346
-3.5226
-10.2307
-10.0412
-8.23429
13.4472
7.37979
-6.70949
-7.37654
6.96761
-5.28368
-9.15167
5.33929
6.53487
-6.04412
-11.0066
-12.472
7.50894
-4.28558
-8.27852
-6.46654
-12.6693
-5.44927
-5.55109
7.99462
-6.39803
-9.52091
5.10559
-7.01569
-5.46847
-6.50037
-4.25523
6.06511
8.17485
-6.87853
-8.49826
-6.47708
5.25848
-10.3422
-4.26714
-18.6265
8.00719
6.06586
-7.97146
10.2435
5.17193
6.2995
10.9269
-7.14145
-8.90503
10.2737
4.82039
-9.62228
-4.17769
-11.0022
9.5252
-12.427
5.76136
10.9922
6.18655
9.78639
-8.72324
-9.01203
-2.81184
-6.46325
6.73767
10.0905
9.53745
-5.89471
9.02692
8.24108
10.8636
-10.7345
6.00027
7.3495
-6.49349
6.92596
6.5893
10.8021
10.6319
8.48819
-8.00681
5.14422
5.96078
-6.04724
-4.12698
-6.97312
6.96119
5.66393
3.80496
-5.45786
-6.26421
-6.47362
-7.1284
10.0773
-6.13284
-7.72276
7.32205
-11.6184
-4.7778
7.93324
-4.92955
7.45426
-6.76
-6.40794
4.65574
4.03898
5.8595
-10.7913
-8.96996
4.43163
-9.64792
4.48984
5.83191
-11.9302
-2.88642
-10.0157
-7.71282
11.3906
13.6492
7.00882
10.2406
8.70804
-10.7417
4.17116
-8.01817
-6.91496
7.26878
4.97214
5.61296
8.92931
-11.0406
-7.33715
6.55446
4.2716
-6.83688
-6.40782
-8.51085
11.9949
6.99118
6.17396
3.72482
7.31864
8.11327
10.3965
6.73594
5.07386
-3.27166
-7.8887
5.66398
-8.3461
-8.6758
7.49878
7.06472
-7.53132
8.58447
-11.9467
-4.61993
10.0375
-6.98171
9.03062
-7.07219
5.21424
8.98265
11.268
5.06747
-6.51465
9.58358
11.9657
-7.93659
7.60511
-4.27075
-9.42784
-8.80877
-8.47499
-9.51178
4.22681
6.21176
-5.95196
9.99357
-4.20109
-6.89823
-10.1412
-6.6274
-4.14373
-7.62473
9.39819
6.75684
-3.93827
3.62175
-4.04689
-3.48995
-6.43096
9.20721
-10.5239
7.6594
11.0519
-7.42797
-12.0016
7.60327
8.49478
8.27533
-4.37396
3.65791
-10.0336
4.63792
-5.52194
-7.20328
-10.6279
8.25239
11.6313
-7.642
9.4658
-10.1536
-11.2859
8.6042
-11.1658
-9.16739
4.98303
10.0673
-8.11323
6.8168
3.99512
-6.88483
-6.96542
-6.19162
-9.18905
9.17697
7.94708
7.25005
7.65021
3.46864
-4.33901
-9.11537
5.14834
-8.29589
-4.0366
-7.77434
7.80634
-4.89143
-7.85581
-8.51682
8.83715
-9.0247
5.04577
3.76733
-7.47433
9.25858
-7.90502
-4.9006
7.58731
-5.39715
4.85204
8.22487
4.14137
8.46665
6.49637
6.59151
7.24038
-4.24952
-8.3162
14.5008
4.53351
-6.49799
-3.55382
6.57619
3.49789
-10.246
-11.8962
-6.74811
7.0317
-9.2073
-4.24419
4.66894
6.97959
-4.93316
-4.93382
7.07899
5.52865
-5.7267
-6.91559
3.94931
11.0093
9.1345
-7.84308
6.35958
-5.15303
5.24292
14.7449
-6.03352
-6.44219
5.50877
-7.19248
-11.6744
6.42758
-4.44252
-6.9604
-5.61353
8.81616
7.25822
10.4412
6.67874
8.17609
7.34215
9.42489
5.24922
8.67735
-4.99876
3.31989
5.84218
-6.00229
6.36027
-6.92084
-6.09009
7.19257
4.3075
-5.75784
5.99604
3.91624
-6.93005
-6.9305
-7.72538
7.82752
-6.72587
-8.94984
5.50605
11.6105
-9.06714
-5.50389
-5.66318
-12.6744
6.02118
7.62997
7.63268
9.14135
6.63279
-3.70979
-10.5773
7.82905
-7.97775
4.47868
-10.1704
-4.19404
-10.2949
-7.4928
-5.59764
-6.11957
-8.12162
-3.6378
-8.2605
5.97925
5.43152
6.08079
8.01618
-5.15587
-7.36188
-10.7079
7.19862
7.83189
5.51812
-5.85067
6.16605
6.69677
10.2382
-2.30458
-7.25332
4.86984
4.28558
-5.17016
4.15347
5.58938
7.25246
-7.84496
-8.19442
-7.17095
-4.47163
-6.14838
10.0916
-7.16578
7.06935
5.17348
-9.05147
-8.00344
-6.33769
-3.92851
12.6168
-3.90125
10.4018
-6.96009
6.86688
-6.2193
-5.679
9.57059
8.96183
-8.8145
5.31917
-10.491
-5.91754
3.85292
-3.54397
-4.94582
-8.30274
-4.37441
12.7104
-2.78379
8.7868
3.68313
-6.80085
9.29902
8.56087
-9.47992
-3.21756
9.69788
9.0578
-6.12793
-5.60662
-10.1762
-4.24226
5.22236
3.87642
3.6271
8.22632
5.16392
8.11094
-8.1322
-7.78577
8.60379
-8.13651
-3.76139
3.78063
6.85849
8.81849
11.3994
8.09461
-7.18424
5.70244
-5.15341
-4.59224
8.06344
12.6585
-9.50099
-3.70709
-4.232
-6.11455
-7.17878
5.56061
8.66858
-9.05523
-8.29645
-3.94704
8.58042
3.38005
11.0788
-7.28113
8.37841
-7.34343
9.55044
-8.89708
-6.02309
5.29551
-9.64565
-8.19018
-6.91744
-8.90287
7.62661
-5.34561
-3.73503
4.69967
-7.35842
-4.03291
-4.95374
-6.49789
9.03671
-8.68586
4.72999
10.8422
4.23676
-8.2781
5.35762
-8.73886
5.87912
4.51017
-5.97197
-6.16509
5.45353
-5.3192
5.74745
10.6686
-10.737
-6.2365
-4.59279
-6.35998
-7.30078
9.1355
-6.808
-3.97379
8.08254
7.54627
3.92462
10.8567
8.38013
-5.63824
-8.67895
10.1027
10.179
-12.1971
6.98003
6.82257
-4.06484
-4.86003
5.12047
-5.07493
-5.07121
-7.36468
8.04978
8.00275
-8.61545
5.58401
9.34061
6.54246
4.62956
10.4821
5.67971
-10.9065
-3.46857
9.41628
-4.36739
-3.49059
8.65632
7.80745
-3.44197
-10.5529
3.53988
-8.01819
-6.30168
4.63503
-6.30894
8.79233
4.84628
8.0888
3.07637
-10.022
7.67418
7.21416
6.75309
9.48557
8.54656
-6.42183
8.41042
4.18652
5.96152
8.17519
8.71921
9.40714
-5.20787
-6.96141
9.54894
9.04498
5.34487
5.66246
6.15894
-7.44734
5.9594
8.12204
8.4331
-8.14409
-8.80092
-8.46613
-3.55174
-16.3622
9.19358
8.68656
-7.76198
11.0085
-9.39256
-1.82513
9.0614
7.80587
-6.41204
5.58479
6.5115
5.86048
-6.24082
-8.59322
5.48273
-9.14659
8.36884
8.36368
-5.62966
-5.84541
8.35992
11.0181
5.65982
11.081
-9.1145
-8.92845
-4.7678
-7.65942
-3.49031
-7.60751
-9.06458
-3.17935
6.7458
8.97265
5.47904
5.00215
-3.92377
-6.66527
-6.08633
-7.23635
-4.64281
-8.37963
5.6425
6.0099
-4.45951
-3.36164
4.51071
-6.30626
-14.4999
7.7327
-9.62204
-9.5716
-7.24585
8.46556
-10.5195
6.86367
4.18921
-11.3112
-7.33588
-7.17352
10.1848
-7.25391
-9.69202
-7.04965
-8.0414
-7.26745
9.24772
4.83198
4.53529
8.00943
-5.99986
-9.06933
-8.02447
6.71433
5.97325
-6.87906
5.87722
-8.91415
5.38655
-9.72096
10.511
9.55291
-4.01046
-7.8667
4.95821
-11.6873
-4.87114
5.10162
3.95839
-5.38715
7.82167
6.76154
3.2076
9.8128
-9.23165
9.15336
-4.53588
-7.1547
-4.70986
-7.06968
6.29055
9.26371
-6.77082
3.12209
8.1365
-8.41145
-7.07246
6.45894
-9.07934
-5.68016
9.86859
3.74464
-8.7258
11.9329
-11.0063
-7.66664
-5.66314
7.4227
-9.28902
7.7834
7.32133
-12.5262
6.08271
-5.85232
-7.70642
8.13659
10.3838
6.31428
-7.44904
-6.15955
-7.58786
-3.27163
-6.02843
-7.20234
6.50837
7.45089
5.11783
5.1821
8.71591
-5.96649
-8.63155
-7.54897
-4.29764
-6.07522
-5.75656
-13.0992
4.39595
5.75702
5.50965
-3.8648
7.80558
-4.12178
-7.59547
-7.25166
3.53104
6.83732
-9.67656
-7.76894
5.35044
8.6104
-6.62203
4.47674
8.8717
-8.93438
-5.37389
5.24914
-7.12777
8.27812
-9.45435
-6.70084
-4.38599
-6.0131
6.13905
-7.96115
-4.37141
6.79659
9.40188
-6.15909
5.90284
5.93828
7.75726
5.2013
6.00112
5.54128
6.58305
-8.04839
-9.18206
6.02856
-8.32597
9.75755
-14.1662
-5.09733
8.33956
-10.0088
10.4873
7.8801
-7.02199
-7.52344
-8.36024
5.41535
-6.19765
-7.87834
-8.42716
7.3113
6.6654
6.83567
-4.55986
-4.85889
12.0474
8.94074
-3.7724
4.04024
9.08645
4.45341
-5.17188
-7.99666
-7.70181
-3.87549
-4.73079
6.12451
-6.60062
7.08476
10.4304
-6.46284
9.40449
-4.29593
-11.1375
-12.9649
-4.43418
7.53948
-4.74527
6.73106
-10.1487
2.77155
-6.60295
-4.40561
-4.71488
4.78004
6.54703
-7.0524
6.83388
-6.36347
-7.88355
5.46058
-6.26232
-6.47289
5.55513
-4.82343
7.93874
6.09033
8.06128
-9.95167
6.01717
5.61541
6.22017
-3.49667
-10.9884
-5.13109
-4.40999
11.0829
-6.31878
-5.48972
-9.83712
-10.3965
-7.5644
6.64772
7.85061
-6.17232
5.82463
-6.05175
6.38975
-4.09557
-6.11516
8.55326
-8.21251
7.30108
-7.59935
-5.8333
12.5483
7.86563
5.63799
6.93241
-4.43792
-7.97992
5.67166
-6.31169
5.73528
-14.7639
-7.89912
-6.61694
5.17449
4.06268
-10.5369
6.00315
-7.92818
9.77819
5.25051
-4.08114
7.43769
-4.7507
7.79729
9.74492
9.52511
-7.97872
8.36791
13.1918
4.59688
6.34768
-5.60275
-8.28236
-4.19891
8.55922
8.19053
-6.03175
5.15562
-5.40979
9.84683
10.6312
-10.9524
-7.42798
10.8005
4.41833
-4.51377
9.05135
11.3234
6.97518
-7.68125
-3.24879
9.07857
-5.31659
-9.2188
7.30267
-8.65438
9.07791
4.18487
7.80898
7.89293
3.61819
5.49163
-7.34765
-6.84064
-7.86383
-6.96867
-4.94353
-6.28599
11.6144
-10.9067
-2.73042
-6.0451
7.62604
7.88228
11.1327
-8.79267
-13.8291
9.16733
6.41632
-6.0652
-7.38524
6.16923
-6.28
8.01878
-7.98515
-6.88225
-7.62942
4.58347
-9.55101
5.69674
6.48437
6.76416
-5.38489
-6.53949
-8.51399
-7.87608
-7.05051
-8.9247
-9.28763
10.7642
4.84547
-14.4643
7.06617
-4.14492
11.8656
-8.18588
2.56463
12.5356
9.28158
-7.37028
-5.51596
-8.73001
6.59056
-4.54685
-7.54532
-6.75508
10.2511
-10.9433
10.2322
9.21007
9.0715
-5.08347
-2.28546
7.63224
-5.99002
9.37602
-7.93829
5.25429
-5.2712
-6.32578
-6.51871
5.21415
6.65023
-6.32174
8.11586
-5.44438
-3.50707
-6.87923
7.78648
7.50311
-8.81986
5.14679
-6.52429
4.53196
-7.9964
6.57349
11.2817
10.3115
-7.01711
-3.94693
-5.16337
-7.41749
3.18207
-4.17786
16.2077
8.76073
6.04331
-6.36769
-5.38218
-5.829
6.02555
-9.60306
-8.67865
5.52009
-8.20878
8.56029
5.19161
-10.1816
5.09233
-6.55221
4.65028
8.05631
-4.65009
-5.643
6.1926
-9.28973
-7.49343
5.23658
-10.6336
2.92705
-6.52678
3.35994
-10.1879
-3.72146
7.52713
6.61713
8.86405
6.38718
-5.16843
3.36786
-5.34016
5.38993
-8.09248
-4.29449
-9.98766
-7.66494
-7.89321
6.45691
-6.09577
8.71858
-9.40148
-8.23874
-5.59282
-2.99501
-3.92214
5.46635
12.9656
8.55831
7.47217
6.43818
5.97961
-7.43577
11.2054
8.05399
5.77688
-12.034
9.1658
-10.5062
5.02902
5.45821
-5.44523
-4.53302
5.2895
-5.31762
9.49275
-3.66983
10.6001
-8.81605
-4.76456
-8.19186
-5.46501
-3.38604
6.69077
4.66839
-5.49505
-4.91774
4.09415
-5.74035
-3.31026
-9.36614
6.62011
-9.14316
3.77102
-6.01984
-3.59901
7.06849
-6.51934
-6.33989
-5.60796
-6.86717
5.54842
7.49061
5.53465
-4.73602
-6.09863
-8.87285
5.49572
6.16938
6.24579
-7.71686
8.22604
4.2111
6.55371
10.2864
7.20382
4.95199
9.42483
-4.3321
7.84825
-9.83018
5.58306
4.36748
-6.24487
4.84354
13.2397
6.36669
8.51529
4.77098
5.68192
5.12017
-8.17918
5.70976
-7.60923
6.36554
-8.62266
13.0163
-8.29693
7.39206
7.63013
6.16512
5.40854
-11.0138
7.60009
3.12499
8.39456
-3.45697
9.652
-8.72415
-8.85918
-4.29244
8.16683
-11.8732
5.097
-6.35171
5.23188
-9.704
-7.6702
5.30115
-3.57633
-6.3003
8.68996
-4.72108
-9.38688
3.35149
9.95215
6.11032
-4.35321
8.91852
-6.0935
-11.0434
-7.68367
-6.90571
-4.10499
7.84006
8.17184
6.78983
6.16015
-7.47022
9.03633
-3.55015
-8.40796
3.38664
7.94178
8.553
7.11174
-8.27538
9.91289
-6.36279
-5.74653
7.3786
7.00509
8.11313
-6.61897
6.90524
6.35774
-10.5955
10.492
-7.23531
-8.21179
9.07593
-3.6992
7.50957
9.11995
5.76976
-6.3638
-5.85219
-10.3032
-6.08401
-5.02387
-6.75821
-10.1942
1.45151
10.1215
-8.83157
-6.50555
8.00988
-3.34766
-11.0911
-6.01821
-6.61764
-5.37398
-4.68265
-11.1464
8.73414
8.62493
8.9354
6.11911
-9.98331
-10.4216
-8.33436
-9.86429
-4.88795
7.60566
-12.5693
-7.71274
7.05553
6.21943
3.93832
5.03895
8.7525
8.27722
5.89477
6.24029
-6.06964
-7.86755
-9.75226
7.01866
4.3652
4.45445
-4.84917
6.00397
-4.41108
8.21149
9.80221
-8.64373
-7.07664
-7.31623
-7.53918
5.49135
-5.65379
4.62904
7.16462
10.545
4.71383
7.61372
5.0105
-6.48451
-9.21987
-5.45047
3.62115
-6.16582
-7.58039
-8.69823
-5.87154
8.95722
8.16871
-5.50742
4.0672
7.60115
-6.50721
-10.1185
-7.17396
11.5991
-6.56603
6.78301
6.17571
-6.35748
-2.40292
7.77655
-8.16721
11.847
6.38818
4.47421
-3.70109
5.82793
8.82011
-4.50834
10.6189
-9.37839
5.71947
-5.07886
-5.22407
-6.00431
-7.22428
7.55446
8.38436
8.14375
9.96961
4.30753
-6.23638
-9.57752
8.73409
9.66504
-5.8286
-7.24403
-5.81137
5.16723
8.40188
8.51769
-6.2852
-3.45563
-6.28266
5.19775
-7.36198
6.43508
-7.81244
7.29322
-6.77382
-7.75003
-7.92527
-7.56867
6.68197
7.5707
-6.88737
7.11836
-9.79536
4.76252
-8.767
7.41977
8.24724
-5.44734
7.8562
9.72355
3.62122
4.88061
-5.01952
-6.57589
6.64843
9.21349
3.01944
4.4732
-4.15127
4.18656
-3.65417
-7.91004
4.07184
9.703
-3.18216
-4.84354
6.59294
10.7795
7.77857
5.89841
-9.69782
9.31097
7.07785
6.89854
9.41137
10.3142
-5.39808
7.86286
6.76255
8.87775
-8.18088
-7.59139
-5.70831
5.31057
6.56978
-9.14192
7.18311
6.7446
-7.9732
-3.16943
5.73914
-7.97338
-5.28392
-10.2581
-5.86036
-6.61791
-6.10741
8.76726
10.143
4.40598
6.51537
6.82333
-3.42144
4.68219
5.25408
-6.88754
-7.8892
8.6211
9.47358
7.95627
-4.49588
7.33594
6.56638
6.13312
-8.35472
6.81974
12.2661
-8.68991
8.88094
-4.86875
6.9664
4.88537
13.9325
-7.03707
-7.99607
-6.22815
-5.56068
-6.11919
-3.97907
-3.62261
5.90232
10.3795
-4.93273
-5.52217
6.49098
-9.63994
10.4633
10.1968
5.54987
-4.44154
-6.51232
-9.94579
-10.3468
9.20591
-8.15496
-6.1507
5.40146
11.5939
3.86017
-9.49057
-6.38138
-3.82096
-7.66077
-6.72226
4.16774
-7.68003
5.27804
3.28851
-6.45044
7.99003
12.6496
7.69748
10.3002
3.90883
10.9502
8.65244
-7.45209
5.99781
-8.90841
-6.06868
7.40134
10.5437
6.08711
-6.36859
-2.87492
-6.11076
7.40833
6.55994
8.02861
-4.6388
-4.98767
7.01876
7.5534
-7.83674
7.809
-6.36534
5.8151
-7.33504
-6.98913
7.77023
13.2215
7.15619
-8.51643
6.82479
9.30712
-7.76565
-4.23532
-6.62519
-9.20258
4.2069
-9.11217
-6.09331
-7.48388
-4.64294
4.11452
-9.55971
7.11635
-5.291
-9.0204
-3.2691
-3.46073
8.39345
-8.87031
-5.04133
7.39978
-11.3063
-4.30701
-7.20728
5.30388
6.61292
8.43164
11.2274
-4.65915
4.80852
-5.946
11.4374
-8.01686
-9.051
-8.64919
4.56969
-7.39919
5.82058
3.61979
-6.64297
-9.62464
6.86254
8.9319
-10.0602
6.38121
-4.21823
-11.3738
-12.0341
8.50214
11.1509
5.01869
-5.80176
7.68564
8.87674
5.4373
-10.5358
8.53246
5.86561
-7.54854
5.22456
7.95683
-10.8042
-7.1852
-7.77712
4.55972
-9.39023
-9.12531
-6.1505
10.5511
-8.46637
-5.83637
-6.16882
6.36069
4.46332
-5.63673
9.26367
8.31795
-4.30681
5.4773
5.72281
4.96661
6.86913
4.60979
-8.09308
-5.52881
-6.02492
-3.69255
7.08477
-9.1904
5.572
-7.92631
6.98431
6.87446
-7.15042
9.36255
3.10598
-5.28762
9.87425
7.89086
-11.9239
8.60414
-12.7642
-10.2127
9.96618
7.43045
6.43456
6.4743
-10.5858
-7.65004
6.26633
-11.5591
-5.45506
-6.22384
9.38381
-3.55858
9.78019
10.4418
8.53351
-7.72976
3.0631
9.29987
-11.3069
10.2017
-6.27078
6.35068
7.30037
4.27392
-5.25139
10.3101
-7.70899
-6.50324
-3.39721
-12.1318
-4.00444
-11.5916
-9.24579
-6.27608
6.52723
-4.86017
5.62268
-8.92724
8.68048
-6.59921
-6.66968
-3.9387
7.31457
-3.06954
8.40104
7.20967
6.73567
7.30952
-6.23039
-8.93587
-4.1399
5.21572
-5.69469
6.85089
5.68424
-5.46333
7.2251
8.11931
-7.36635
-8.79237
-7.18202
8.25265
8.01458
-9.83015
-9.69059
8.04831
-8.13881
3.69301
5.82304
7.29848
-8.04423
5.67893
-6.55094
-7.43307
-6.13155
-14.6623
5.26963
4.60328
-4.80702
9.29983
5.08385
4.89295
5.37605
9.14154
9.62956
-4.21893
5.38007
8.66438
7.33867
-7.66432
-6.35586
-3.20084
-5.72567
-7.12302
-2.52047
-8.29828
4.7275
-7.14574
-9.85603
-7.35707
5.66287
8.36731
10.6432
8.54036
7.55209
-3.27249
7.49213
-8.38952
-8.87731
-6.7583
8.57458
6.78158
-7.03529
4.58861
-8.50552
-6.64912
4.93197
9.05815
5.94295
-9.88993
-6.28887
9.01505
10.1483
-7.1917
-5.72599
-8.54354
-3.36156
-7.07447
-11.0413
-8.83794
7.04544
5.52952
7.55479
-7.65892
-5.56417
-8.45869
9.07099
-8.52826
6.86109
-6.68499
-7.15185
-8.20329
6.72246
5.1693
-5.22739
-6.65221
-5.50271
7.34934
5.87515
-10.617
6.18132
-7.75176
-6.15239
-5.8997
5.51282
7.99005
6.2244
-9.36571
-8.65503
7.26704
4.94815
4.11662
7.74412
8.20584
3.9906
-8.09696
-8.44449
9.32312
5.92268
-5.94685
6.12659
-5.37027
-4.65449
6.07411
8.91176
-3.11758
3.73889
9.86763
7.69608
7.47849
6.9793
-7.44197
4.85483
-4.37647
-8.32299
-6.55625
-7.28973
-5.08886
-6.30493
-10.0681
10.2171
-5.8519
3.93213
-7.07076
-7.03189
4.34459
7.81886
-8.53452
-3.4299
10.1909
7.54856
-5.03738
6.46318
-10.6419
-6.3666
7.9413
9.00674
-5.7007
3.55644
-7.44252
-14.8821
7.81274
-5.54067
6.17512
7.85382
-5.35111
-5.63745
10.2634
5.00338
8.69251
-12.7789
-6.91946
-8.09321
4.66069
5.28642
-5.60091
9.10813
-5.35802
-3.90329
-9.88506
6.10742
-8.5426
6.1158
-7.51741
-5.1103
-5.01211
-8.29784
-5.91499
-6.98171
6.82847
-10.6567
5.96648
7.89816
4.80207
-6.41395
-8.4896
8.26122
-8.78868
7.64921
-5.59354
-9.62025
-6.52686
-6.4551
-10.7957
-8.39884
-7.2815
8.78392
6.63902
-8.66337
5.35475
7.03858
-7.48122
-7.6045
-6.67543
8.01676
-6.7451
-4.97191
-8.94011
8.13979
-6.5487
-4.69722
7.7266
10.2963
-6.43851
8.98359
-6.85689
-6.00139
10.6459
-5.96642
6.98463
-7.29616
8.73169
8.36445
6.18788
7.1001
-8.50852
6.91183
7.0986
-5.94109
-6.08663
6.47341
9.52687
-5.07281
7.01764
5.49799
-8.97722
-12.3676
5.60305
-8.45666
8.34989
5.51006
4.79974
-10.1537
5.42876
-8.40117
6.39144
-8.82651
6.18081
6.23518
-9.2893
5.14084
5.35603
4.21195
-9.74806
-7.7873
6.82444
-9.14788
3.95482
-8.40949
5.35746
-8.07639
8.18382
-10.3187
6.4081
8.95052
-5.22158
9.31058
-7.28007
-6.40354
-4.54245
-6.59611
-6.47588
-8.10218
-6.06127
5.89663
-9.99253
10.0411
7.54921
-5.09959
5.20922
-3.40236
6.76948
-8.86138
3.77601
8.74829
-7.16572
7.34907
-6.7928
-11.517
-5.56627
7.1685
-6.58193
-6.00283
-7.72383
-11.7463
-9.14283
6.96475
3.06865
-5.89009
-6.44502
13.64
-8.83886
-8.73321
-7.36708
-9.48079
-6.06925
4.37346
-5.53041
-6.94387
-9.00065
-5.82967
7.01819
8.50895
-6.43263
6.6867
-6.56066
-3.35131
-4.81915
-10.0517
-5.20323
-7.35278
5.23494
-10.5659
-8.44539
-6.59339
8.12262
5.3515
-6.55311
7.04171
-10.0337
-6.82276
6.82618
-6.15699
-5.36185
-3.43168
-8.03656
-6.30475
-10.8736
12.3615
-10.021
7.76264
6.04225
-9.87471
3.86869
-6.89942
-5.60689
14.432
-5.60713
-12.9162
12.1741
-9.58822
-3.54095
-7.02296
3.40521
-9.63955
4.67811
6.59775
9.77305
9.21586
-4.12775
8.0087
-2.30437
-4.63263
2.96135
-8.12662
7.07791
11.0093
5.20173
4.3238
-8.68747
-9.09748
10.1253
7.64501
-5.85175
7.23078
7.37136
-5.43717
-5.29408
-7.56231
7.42496
-5.75289
8.61562
-10.5419
10.9383
3.3093
6.04434
-11.8984
-9.1307
-7.7174
9.87948
5.90879
8.07716
4.46352
-5.91298
11.1489
-7.72666
-6.5962
6.77062
-6.62824
4.78787
-5.4574
4.86381
10.1088
6.23911
-11.0565
-5.36053
7.35113
-11.5856
-5.9737
-7.47713
3.80255
7.81871
-6.67051
-4.99083
-9.06859
3.394
4.84146
6.9281
7.861
4.65174
-4.12159
4.9479
-9.66984
-5.57142
-6.15346
-8.1808
-7.07785
-4.97983
9.34438
2.45102
8.76887
-6.24089
5.6241
-7.03575
7.46447
3.886
12.7058
8.351
7.9026
-7.34322
-7.55491
-6.4273
7.39454
5.16398
-3.34126
-7.99074
-5.10537
5.98508
-6.6449
-12.8249
12.2946
3.9178
-9.99759
11.1114
-6.65444
5.28678
-4.16362
-5.92963
6.0904
-7.6553
8.35303
9.27625
-12.9132
8.96601
-3.53454
-8.27238
9.71199
9.77114
3.73787
8.50287
-5.8442
-5.10362
4.54135
6.55873
-5.01435
-3.51972
-6.98547
7.17319
-12.3629
-8.2633
-2.98708
-7.57085
-8.35167
6.50165
4.70333
7.63356
-8.78082
-9.10095
-6.39383
5.99647
5.9602
-9.5698
-3.66161
-10.1823
-6.10025
10.3136
-10.2736
8.05012
-5.80047
5.55651
5.81065
5.26614
6.53726
-4.34478
-4.76806
-13.0218
11.8109
7.05968
3.43067
-7.28897
-4.26564
6.59444
-6.41658
9.70555
4.23703
-5.84464
-3.6026
4.75105
-5.84204
9.76132
6.43018
8.36122
-8.02273
-6.53458
9.41431
-7.99402
3.32981
-7.53071
5.4325
3.36939
-7.83406
8.88876
-6.99989
8.77779
-10.4478
-6.08792
-4.84782
-9.06616
8.86385
7.73885
6.44241
-3.83176
6.79529
5.94954
-5.11125
6.52614
8.53694
-7.2586
8.86599
-11.6444
7.83664
6.64116
11.1637
-8.12329
-6.89894
-7.5844
-9.49947
-6.49043
-11.2033
6.85442
-4.30425
5.91866
8.57759
-10.8046
-3.75971
9.47237
-10.2705
4.29249
-3.85216
-4.81809
8.04175
6.7374
6.90974
6.31685
8.51494
3.85709
3.8618
-10.9975
9.30183
7.14658
-6.4378
-8.61471
-4.84195
-6.38977
-7.14586
-6.40699
-5.19533
-8.30158
-5.4409
7.76153
-9.79792
6.79901
6.79959
8.58525
8.2524
6.20867
7.55811
-8.36055
3.92121
-6.50936
9.92782
-7.55193
-8.77216
4.80425
6.27609
-8.65221
-7.60502
4.84797
8.59445
6.2304
6.21615
-6.20717
-3.30453
8.79055
7.16269
-8.80726
6.85773
15.3011
9.76503
4.25354
-4.92356
-3.48832
13.0788
-10.4593
-8.8876
9.84686
10.7761
-6.19579
-8.34822
-6.13724
-7.00415
-7.59453
7.05311
-4.98626
5.30057
9.16304
7.55139
6.60746
-9.21522
10.3438
-9.96588
-10.6145
-6.63265
6.72239
8.86742
-8.88381
5.74461
4.7096
-10.1488
-12.7184
-5.28352
8.48723
7.74192
5.50194
-3.94892
5.94135
8.86715
-5.67759
9.71474
-17.0766
-3.73333
8.61002
-8.52402
3.74287
-6.36913
10.2124
7.74965
-2.76121
7.12452
10.9213
7.62384
6.34022
-8.78903
-5.25102
13.482
9.62608
-5.87355
-8.8981
8.09117
8.61066
-3.13241
8.36577
3.2989
-10.16
3.61061
3.61532
5.54333
-10.0114
7.13804
6.26617
7.57335
-5.12908
-2.93067
-5.48085
10.3635
-5.80163
5.95287
-5.51694
6.32022
7.32126
7.27234
-8.85297
11.6267
-8.32001
5.44041
-6.52759
8.29972
6.64882
10.4818
4.79533
-6.10964
-11.6785
5.7237
-10.3086
-6.24995
-10.6252
9.81894
-7.48732
5.04199
-7.31157
-7.24037
-2.47769
-8.05977
5.20937
8.56625
-10.3591
-3.94946
6.87312
-7.31505
-8.5978
-6.40667
10.141
6.3215
-2.61069
6.35111
-7.96472
5.75112
-6.56893
-5.10389
10.3318
4.35099
10.1434
5.23327
8.8023
8.16982
7.03627
7.52653
8.95939
-7.83336
-8.30479
11.132
9.97615
-5.91779
7.87574
-4.37388
-9.28106
-5.16699
7.18397
-5.06154
-8.9143
9.80382
7.66069
6.13701
-8.308
-6.57177
5.60692
9.80369
8.32049
7.40894
-3.83683
-11.6001
10.6
4.80479
5.89342
9.57985
-5.77495
-4.77445
-8.50232
8.25906
-7.69658
6.38472
-9.88965
4.97065
3.08691
-8.15302
-6.73093
8.59591
-3.282
5.90641
8.57234
7.27928
-8.06958
13.5615
-8.01158
9.5922
10.5001
6.60853
-6.26482
9.61767
-5.72402
3.09219
-9.91482
-8.00683
-7.17052
-8.46096
8.30534
11.7349
-7.77784
-12.2739
8.35603
-5.24678
-4.74231
-4.67362
-3.82406
5.64769
7.071
-8.82043
-11.1879
4.17492
5.26982
-4.39816
-10.2761
-8.85486
7.3398
5.02333
4.7168
-10.5271
5.45666
7.07992
-6.17444
-7.99381
-6.57958
-6.18599
-5.99587
-14.0322
7.79426
7.53796
-8.11789
7.279
6.39183
6.58404
-7.87622
9.7702
-6.07112
7.68799
-8.28865
9.11742
-8.26938
-6.73321
5.28296
-8.16117
6.70713
-6.32314
5.20972
-10.496
11.0126
7.41577
7.02483
-4.44938
-6.94961
-5.22994
4.43146
7.09549
-10.437
10.8983
7.99133
-4.29023
-3.6258
10.9383
-1.6216
-6.69756
-6.27585
5.65976
6.30803
-8.13717
4.43745
8.48252
3.49445
-9.64914
-6.76418
4.16326
6.45618
-5.22967
5.62841
4.56091
-3.58751
7.97563
-9.24962
-6.87547
-7.80785
9.88143
-3.20931
-6.42055
-3.83744
6.33949
7.79958
6.64066
7.07494
9.75745
11.747
12.5501
-6.23829
5.99794
-5.68752
-6.09428
-6.78369
7.31631
-5.93997
8.44549
-6.68632
8.50098
-7.12407
-12.3864
9.49299
6.58972
-9.1312
-8.80384
-5.73094
5.12672
8.96588
6.95737
-5.65098
7.6761
6.27052
7.28278
-5.54365
-7.65862
11.5005
4.49263
-10.7093
-8.4028
6.24006
5.18313
5.23418
-9.59697
5.97271
-7.72675
-10.1478
6.0668
6.65096
-6.77922
-2.93414
4.16817
9.24635
-5.11473
7.94667
-9.01763
2.61855
8.04928
-10.9494
-6.13563
-10.9364
-8.02761
5.58823
-5.84447
-5.06053
-8.74925
6.23609
9.43797
-7.19853
-8.49464
10.2028
4.21605
9.84202
7.11498
6.52509
-7.69185
6.65317
10.0051
-4.42179
3.08346
8.27386
-3.58906
-7.18952
7.02445
-5.2332
9.56599
9.04925
-5.99882
9.94773
-8.70805
-6.88402
-8.66905
4.81389
7.06387
11.3061
-8.78382
10.4938
-8.94432
7.33537
-3.00588
-2.98687
-6.12382
-3.53674
-9.24376
-8.40556
5.87393
-4.31112
-5.94835
7.55704
4.63062
3.51451
-3.52659
-3.74653
-3.22644
6.62036
4.50014
-7.24419
8.65024
-7.19269
4.79119
6.78642
8.43003
-9.51048
4.36121
-8.00599
-4.14196
-9.33196
9.21529
3.78977
-5.89821
-5.92854
-5.19846
6.54201
3.76564
11.148
7.26164
6.59917
-6.05103
9.39317
-3.60591
-4.33442
-8.93544
-9.09459
12.9433
-9.23331
7.82356
-4.88427
-7.65336
4.79794
-11.0946
-5.35271
-6.07888
6.02029
-9.41675
6.92398
5.44466
-7.24603
6.15593
5.76212
9.44927
-7.01647
4.81126
-6.73891
-6.91562
5.05969
5.43465
8.47154
-5.72232
-9.40147
-2.81996
10.495
-7.53333
-7.00498
-4.95324
-10.4124
9.34986
-10.1839
4.1504
-3.85001
7.49065
7.13526
4.57802
-4.1133
4.80192
-9.5226
8.46681
-6.13932
-6.57772
-3.90326
6.43597
7.3212
3.47549
7.34239
3.21153
7.42867
-2.64551
-6.35761
-4.24012
4.0928
7.76299
-3.59894
8.64248
8.13728
5.86518
4.34311
6.82953
7.1187
-5.50005
8.59612
4.80285
11.7104
-9.66134
-7.04125
-2.80164
-7.31744
7.33932
-7.62372
-8.7351
9.05872
7.18053
6.97919
-5.49584
-8.86307
5.59738
4.60804
-10.1414
6.30051
5.13197
-8.3179
-11.0375
-5.2326
6.01844
-6.6888
4.28921
8.99603
-6.17403
3.89141
-6.10919
-8.75492
8.39367
-6.36503
4.18108
-7.20456
6.82375
-7.06487
9.68464
-4.57088
-6.55567
5.38327
-6.33061
9.72143
-5.79213
-4.83031
-8.22809
12.4269
-8.43493
-3.82821
7.72365
-7.14254
13.3588
5.21551
-9.33074
6.0464
6.69942
-6.30108
-10.0593
9.63892
4.82286
5.24876
-9.70178
-9.24955
-9.55778
-8.95184
7.73211
-8.45239
-9.64622
-5.02157
-9.93204
-4.49525
8.44299
-3.06695
7.23559
-5.10456
5.87362
7.38069
-6.9906
-4.36775
9.65526
-8.62359
-6.15652
-9.53847
-7.05461
5.73904
-11.1942
7.07399
-8.36717
-5.82317
6.00749
5.02418
-10.986
11.0095
5.7138
-6.33902
-4.73777
-9.38149
8.21974
7.69057
6.50586
6.14113
-8.99362
-9.50114
-4.32764
4.29732
-5.88203
8.17937
-6.25624
-7.2235
9.58034
-12.5558
5.24607
-3.9852
-4.18111
12.3875
-11.3476
-5.67049
10.5882
-8.39245
-7.2484
-7.06236
-9.02386
-5.49701
9.013
10.5063
-8.4241
-5.77761
-8.58683
-6.23055
5.05126
-8.5324
6.27804
-4.27192
5.12468
7.86949
-4.76119
-4.96059
-3.95894
9.60823
6.51572
-5.67557
-9.13099
-4.24144
3.19814
-7.9098
-8.503
7.85292
4.76088
-4.06563
10.9576
-5.2371
-7.97013
5.34338
-9.51473
11.6873
-8.07694
5.97867
7.45413
-6.84942
-7.57139
6.27728
-13.3819
-9.56529
-4.32264
-7.08981
10.5878
-6.43625
9.62401
10.573
7.87333
4.10666
-8.12667
-9.20171
-6.41036
-3.79599
-8.5389
6.3622
-7.675
-9.90398
-7.14868
-3.87166
-6.71564
7.27937
-6.89718
9.00544
-7.35024
-5.01653
-10.0798
8.39313
-3.96359
15.0928
4.18616
-11.9632
-6.44138
7.4029
9.36469
-6.11042
-9.59239
-6.28624
-7.19938
8.61902
-8.03676
-3.02281
-8.41765
-5.11345
-15.2715
-5.93959
6.32992
-7.99284
-7.5695
-3.63894
5.19696
6.13252
5.21265
-4.84752
6.39754
-6.6494
-8.35322
-9.54708
-8.37043
8.51157
8.47593
-7.07242
-8.08496
3.57391
-6.34791
6.76732
-6.16356
-6.97563
-10.1221
5.13775
4.8432
6.56619
4.22638
13.0357
-5.76799
9.66502
8.18408
7.3924
8.88491
-10.933
-3.97816
3.62445
-3.99544
-4.0477
-7.38033
-5.33303
8.72165
-6.19637
6.72182
-6.80456
5.50185
-10.8564
3.70358
8.33005
5.5164
-10.4287
9.12274
5.96896
-3.69497
3.72602
-7.39874
-4.57159
-6.6657
7.88022
-7.30914
-9.43603
7.00516
9.42288
-5.22227
7.71684
-8.693
-6.08476
7.19735
-6.68538
9.70968
9.46513
8.73951
9.85747
5.0022
4.67544
-6.36841
-6.618
10.2066
-3.56464
6.1639
5.28357
-4.85418
-5.907
-2.93066
-8.87808
6.27119
9.60226
4.06644
-4.59536
4.0395
8.84846
12.0323
6.89633
8.77468
-7.09086
-6.87358
4.6462
6.1826
10.9915
8.58675
-6.37915
-4.58747
-8.11275
-4.74953
-9.11858
4.53337
-9.27135
8.74722
7.238
-4.19049
-4.67226
-7.29583
6.09438
6.65916
3.21539
-8.23421
10.1487
8.73248
-8.87165
-8.49291
9.13573
-4.83202
4.05175
-6.07298
6.03628
5.31832
-8.28477
4.29518
3.62205
4.89703
-6.72426
-10.1697
7.23311
-7.45746
-7.0882
4.38053
8.8246
8.5014
7.62804
8.25747
7.23841
-5.94621
4.88978
10.3252
7.37403
-11.0747
-10.2923
8.75334
-5.66268
-6.26921
-4.995
-13.4157
3.463
5.43945
5.95287
-9.38579
10.4324
-7.5911
8.16035
6.75661
5.15195
-6.37367
6.56247
-9.6213
-6.51769
-5.35571
5.07212
-10.6937
7.16923
4.99045
9.39777
-5.49481
8.19405
-8.87516
-7.67516
11.2412
-5.4552
-6.00566
7.89811
-5.67034
-6.79181
7.30087
7.15451
-6.81686
-8.13382
-5.83204
-6.31591
7.9335
7.61835
-8.62443
3.47002
-6.60473
11.7267
-4.07852
5.81754
-4.45819
8.92507
3.91396
4.38331
3.03139
-3.63397
-8.9838
8.28728
8.11881
4.33338
8.64933
-3.70516
-4.37766
7.3244
7.24769
-4.76383
6.87861
4.98696
11.3107
-5.07647
6.33647
6.52147
4.33838
3.75653
-9.46005
4.8332
-6.8587
6.51056
-8.06409
-6.0845
6.81695
5.06308
-3.12021
5.47977
7.72066
-5.1714
-8.18699
-6.82471
3.40589
8.17615
-5.35985
7.55474
6.28871
-7.78838
-6.7358
-6.82913
6.76949
-4.06949
-3.40857
6.62939
-9.0938
-5.13836
3.46086
8.46948
-7.25787
-8.02749
-5.11599
10.0573
9.0332
-7.86969
-3.74812
-5.17884
5.08556
6.22733
-6.68332
-5.45962
-4.0333
-10.9296
-8.59733
8.72917
-5.99663
-7.74889
5.75862
6.96096
-9.32063
6.56638
8.47468
6.37267
6.05562
6.70983
7.66523
-6.6648
6.94247
-4.87423
-6.15997
-9.00619
-8.44562
-6.96402
-6.93837
-7.93342
-8.71497
-10.324
-7.44927
-6.53838
6.86065
9.3106
-8.49971
-7.00478
-4.2642
6.2065
8.90356
6.97578
10.8871
7.02392
7.20802
8.99008
-9.09496
-7.53231
4.84246
-4.49097
-5.56646
7.49131
-9.1827
-3.9866
-8.86991
-6.06765
-8.56748
4.99965
-7.42136
-10.0301
-8.81674
6.58874
3.58166
-6.30045
4.53305
7.22787
9.00968
4.04718
4.60006
-5.93748
7.08205
5.03087
-4.37905
-6.8587
3.82914
8.85594
-8.04995
-9.45251
6.52891
-3.82478
-4.72916
-5.24087
-4.02407
-4.45424
6.78159
-8.89611
-5.13532
5.4144
5.89087
7.93344
10.0093
-5.12812
-6.39583
11.91
6.41466
3.47096
7.82603
-4.22051
8.14566
9.37964
-9.09855
7.41607
-7.6033
-8.15258
6.76427
-5.33223
-11.3712
-9.0649
7.08956
4.61562
8.23489
-5.56613
-4.1236
5.34077
-6.00482
-6.55367
10.2264
8.16867
8.51396
7.58584
-4.30264
6.13004
9.20737
-3.88869
5.74836
-9.142
6.86852
5.07878
5.40443
8.19504
-5.13188
12.8569
5.59215
-7.27079
-4.47183
7.18328
-3.64589
-8.15817
5.8929
9.03754
8.60666
-4.1806
-6.49268
-5.38153
-9.18158
-13.0152
-7.81809
-4.40443
-10.5068
-9.002
-7.3659
-6.35879
0.200824
9.2786
-8.92648
4.94657
-6.74249
12.6591
7.45446
-7.97957
5.98987
5.67464
-7.24962
-7.77188
-4.63478
7.43448
-12.3367
-7.57052
8.7451
-10.4666
9.5909
-10.1103
-5.25809
-7.5766
-5.61084
9.66172
-10.5306
-6.28456
11.5618
-4.29146
6.75775
-3.65382
7.13106
-8.5831
-5.62909
6.97344
8.20635
-3.59693
4.04142
4.44952
-9.98033
5.01347
9.6774
6.32267
-4.85676
5.07838
-4.5181
9.65564
7.92947
4.20079
9.3052
-2.99985
11.4176
-4.82263
6.41108
8.96453
6.56949
-6.6312
-8.34809
-9.77212
-5.10656
4.57789
-6.39722
6.82222
7.92656
7.59838
-4.13874
6.21158
7.65837
5.99738
11.9411
-4.35917
10.6926
-7.72879
4.03259
0.502345
7.01667
-6.16059
4.52786
-8.3711
12.0838
-7.8995
-9.40871
8.35221
-7.04727
9.56772
7.42914
7.15177
3.52296
6.97681
9.21521
10.2608
6.02055
-7.58396
7.63892
-8.26275
5.35965
-7.28262
-6.56265
3.72231
6.76044
5.5113
-6.59363
-6.34225
-7.18095
5.51898
5.75492
-6.7841
5.34685
-5.323
-4.41647
-4.62596
8.48817
7.24664
9.00293
7.54752
-5.32557
11.0393
-4.33472
6.10399
-5.30849
-9.1933
-5.31426
6.70431
-6.6419
4.95096
-6.83728
-7.9907
3.13817
10.3835
10.546
7.5841
-6.48616
3.97362
9.44935
6.63951
-4.84099
7.23533
7.5461
-8.39775
3.56009
-5.6641
-8.00451
-9.98659
11.546
-6.55751
-8.36059
4.84418
-8.38955
-7.61881
3.45197
-7.51112
-10.4998
-3.10381
-5.98462
-6.92408
9.25174
10.7971
-8.96836
9.70241
10.9407
8.04733
5.59263
9.55625
8.21947
-5.38428
-4.47369
-3.36559
-0.517513
-6.24253
-6.0859
5.37584
-7.21324
3.18049
-7.20879
9.86694
6.14025
-7.20488
-4.10143
-4.72712
-4.41748
-10.2055
7.25445
-4.73905
-4.12836
8.24208
-11.2544
11.1451
-6.80972
-10.6784
-10.9292
-6.83555
-3.45451
13.1962
7.13547
-8.89083
5.57983
6.99362
-7.83056
-8.41026
-5.84096
6.16968
-10.2102
-7.36216
9.33415
-7.97105
-8.37067
5.03689
-7.48103
10.381
-4.54117
-8.46981
-6.1008
10.4977
6.58968
-6.33886
-9.83266
-9.895
3.2098
-6.21945
3.64496
-7.51705
5.55852
5.8582
-6.339
8.34603
-5.16805
-9.35904
-4.96135
7.35404
-11.7979
-5.23105
7.14826
-6.72381
8.03024
6.19654
7.78152
-8.04763
8.25885
-9.60876
-9.08943
-4.20399
8.03625
7.43615
4.56067
-3.46011
10.0458
7.64428
-6.93573
-5.05947
2.40833
5.93776
-8.46916
5.7142
8.30715
-8.13111
-7.80826
-5.06522
5.68938
9.52452
-6.76925
7.58364
6.19638
-8.63774
4.4336
-5.24287
7.99498
-3.88017
-5.06563
8.42953
-7.81108
-10.4033
-4.47832
-8.43749
5.78431
-8.85011
4.86318
11.0578
7.65226
-7.36795
7.21929
-5.45616
4.98108
8.24272
4.22595
-10.2765
-8.51446
11.7177
-6.53126
3.66751
-4.29432
-12.6396
-5.29563
4.63723
-7.42032
4.81919
7.07933
-5.14259
6.68948
8.52503
-7.24609
-5.92254
7.87005
-4.59166
-4.59584
-9.94383
7.30179
-4.33814
-5.48928
-9.11663
-8.04747
10.0836
4.87558
-11.8173
-11.1027
8.63563
7.76837
8.23123
-5.10686
-5.06943
4.80535
-6.13186
10.9901
3.30964
7.68592
-3.25437
7.59457
-5.21471
7.9297
8.56407
11.7417
-8.32935
-6.58334
6.64625
8.39231
9.17979
5.84989
-5.36952
-5.85677
7.03333
-5.44383
11.4919
-4.32963
6.56888
-10.6603
-7.16007
7.93838
-6.2021
5.66798
8.00035
8.03153
6.3578
-9.59958
7.12358
7.97964
-10.5276
-7.89551
-6.90198
-12.0044
-4.20083
-10.3192
4.69825
-5.35671
3.27021
5.40272
9.87065
10.4077
-5.91863
-8.49826
-5.07794
5.63132
10.1951
8.39744
-4.92331
6.85667
8.96433
5.47955
8.65736
-6.29883
7.41249
4.29591
3.53568
-7.05615
7.57651
-5.25099
-6.70879
-3.33519
-7.26223
-5.4867
9.41767
7.46769
7.60919
3.83944
-9.99787
-8.95255
-12.1606
10.294
8.18846
-10.9126
8.69211
-4.51827
-4.84585
7.57559
8.61659
-6.57961
6.90444
7.25408
8.72552
6.3582
-6.58262
-12.5968
-5.0937
-5.54007
12.0753
8.70024
9.33562
5.75033
6.96557
-4.69733
-6.50641
11.8152
-7.13903
-7.1379
-7.22204
-11.3154
-14.1564
6.38745
9.11364
-4.3256
-5.29206
8.15557
6.94528
8.56922
-6.28507
-6.38533
8.17404
-7.50869
-8.73748
-7.42673
-2.7206
7.2966
-7.3397
6.61879
-7.03842
-8.4691
-9.64867
6.83422
5.81705
-8.50311
-8.20084
7.12371
6.04804
-7.73885
10.03
6.22964
-10.0414
5.29991
-3.61251
4.46591
7.53774
-8.08844
-8.93809
6.03567
4.09047
-12.4858
6.248
5.50555
-7.88449
8.78472
3.75115
-7.86064
3.44032
-7.88962
-6.92721
-7.31921
-5.70771
-8.01675
3.26353
-10.0205
-9.01409
7.90762
8.98357
6.52033
6.84066
-9.33129
6.94017
-9.22246
7.50447
6.27153
-9.08428
-5.71636
-6.45933
5.0021
5.7729
-11.7084
-4.93137
6.33627
-5.00992
-4.20341
5.68098
-6.95833
7.04927
6.41393
10.7015
-10.5615
-4.92253
-9.69941
-10.0908
-4.42611
-4.75835
9.24751
-6.93887
-7.21232
7.44404
3.66651
8.93894
-3.38902
-6.46924
-9.04474
-9.0513
-3.50556
9.65231
-4.23752
-3.85744
6.71004
-5.65767
6.771
-7.35683
-4.33046
4.84589
5.86229
4.78777
6.16661
5.26019
5.96857
-8.07716
10.8633
-11.0872
-5.67265
8.1272
-6.56138
9.55725
3.15161
8.41593
-7.4054
-9.21613
7.12588
9.2608
11.0874
-11.1455
13.1334
-7.37527
7.30597
-7.91427
-8.49398
-6.47217
-5.23136
5.52641
-10.2639
-5.45128
-5.37131
-12.832
11.3304
-6.57418
-6.82328
7.96638
-7.30188
5.68748
-5.95548
10.5842
-6.16983
-5.18544
5.25502
9.53693
-8.66355
-8.04798
10.3634
5.3232
5.10711
-8.52252
-8.43006
-7.23365
6.78263
-5.46166
-12.3507
9.08305
9.87882
-6.13802
-3.94932
8.45921
10.7823
4.90963
-5.52646
-9.20776
7.1686
-8.52143
7.81308
9.90709
-6.31485
-6.65175
-4.06685
8.19594
4.68705
4.69372
-6.28831
-4.47646
-10.1424
4.98313
7.60589
-9.18027
9.34104
7.05992
-2.39042
-6.49894
-5.97913
6.67812
7.60831
-6.23475
6.05632
-7.29447
3.69881
8.25531
4.81587
-3.70637
-5.66836
-4.99489
8.96618
-3.62034
4.83484
-14.4584
-3.98185
6.52214
4.12225
10.0076
-6.35809
6.08249
10.3788
6.08138
-6.89174
7.47991
5.76997
-7.08407
4.05183
5.64409
10.3221
7.98698
-9.18574
7.98591
-7.01788
-8.10331
7.02682
-6.48119
-4.75939
4.89648
-3.41455
6.11681
-8.055
-6.07189
7.69222
-10.8752
7.96964
5.72162
8.0749
-6.89311
-9.19034
10.8083
-6.611
8.22229
8.98806
5.36025
-11.8951
-10.743
-7.00865
-6.63772
-7.6924
7.25442
-4.25866
-8.3604
10.6648
-6.14672
-5.48082
8.0753
8.81407
9.10803
-5.38159
-5.67155
8.20197
-6.37589
-7.49399
-7.03247
-11.5538
6.13724
-8.43182
-6.83204
-4.22834
-9.49913
-9.1488
8.16654
7.79903
7.87041
-5.15099
10.4061
10.2445
5.82455
6.99587
6.96162
-6.01805
8.0125
-8.87645
-6.81519
4.90678
-4.95114
-5.23206
4.79822
5.3149
7.4569
-7.99373
8.64618
6.42937
-7.97927
5.05587
6.99069
5.08327
-4.76857
-5.93774
8.70585
7.65535
-6.63809
-6.31425
-6.99583
-5.16398
7.48811
6.61548
8.10233
6.68323
5.1312
7.79382
3.31555
-5.78945
-7.08416
10.2368
-4.78228
5.22205
-7.38311
-5.41609
8.23067
5.90949
10.9173
-8.29754
5.86351
-6.91943
4.6706
7.07007
-5.1741
-6.45802
10.3011
6.27394
-8.92037
5.91894
4.90418
7.39144
-7.1708
4.31782
7.63677
-8.6169
8.46058
5.83642
8.36007
11.4289
8.28382
-9.18601
10.468
6.5546
-4.06662
-6.3319
-8.65333
4.57945
4.54126
6.77643
3.95105
-8.06356
8.24738
-8.58406
14.7754
4.34657
7.54936
3.5572
-6.64142
-3.85243
3.35661
5.31682
3.80887
3.62038
8.57279
5.45095
6.11941
6.94418
-5.91005
4.51899
7.28925
7.52424
10.4618
5.49315
7.46541
9.28056
10.4505
5.29721
5.97379
-9.18535
5.19597
-5.97515
-5.47228
-6.26352
-5.60028
-7.16599
7.62761
-7.91477
-5.53821
-5.42417
5.16134
-11.399
-5.53332
-4.0965
4.31524
10.4052
5.69946
-8.23679
5.71706
5.82387
5.60194
-6.25328
-7.17599
-4.62976
8.23569
-7.53681
-9.7992
-5.70887
-6.49697
5.58423
-7.08112
4.64386
-8.40694
-6.21344
4.96915
-4.81239
-6.1105
10.6941
-6.01869
7.221
6.37632
5.32865
9.74723
-8.80515
5.88887
-9.67266
-8.83986
6.2677
4.9427
-3.4766
-5.76253
-4.82861
4.99061
4.35113
-4.32283
-5.93595
-4.69142
10.3418
11.7309
-8.33088
7.06087
-6.50711
12.999
6.06207
-9.88727
9.57409
-4.1515
9.37114
-8.10717
6.51364
-8.37873
-8.32642
-5.27817
-4.86
-4.25707
7.03085
11.5599
-7.50241
6.95577
-9.51934
-5.09634
-7.52188
-6.98834
6.60539
8.73633
-4.91712
5.43992
-6.14497
5.29045
7.52216
-7.32069
-7.45073
-8.33912
-6.87653
6.73719
-6.46174
-4.98813
-7.53659
-6.62031
7.34096
-7.19771
6.49038
4.65371
4.67943
-6.15773
-4.391
-4.928
-6.2887
4.1397
-4.32845
6.74061
-9.00259
-9.55005
-7.53249
6.47101
7.98078
3.94296
-4.00679
11.0311
7.91637
-7.02828
-4.46756
-3.51748
-8.10481
5.8315
-8.37718
-7.34818
-3.56652
-9.37097
13.2753
-7.32929
6.94544
6.44665
-8.09427
-8.53957
-6.30523
-5.8111
4.73983
8.21374
6.14892
-9.38232
6.58386
-5.29083
-2.96122
-10.2827
-6.40828
-5.6756
7.33096
9.81613
-10.2624
7.61254
10.225
9.18903
-7.62509
9.30986
-7.54059
4.99104
-8.20494
4.76091
9.75947
-11.2574
-6.76154
7.90344
6.4616
-7.84552
-5.48968
8.1992
11.7758
-7.06568
5.26854
6.50502
6.57256
4.83938
4.52161
5.18875
8.4748
-8.36095
-8.9781
-8.64099
-6.03997
-7.75232
3.70798
8.16175
-5.58537
8.21274
5.6634
-3.93138
4.8372
5.25155
-9.65496
6.98872
-7.31294
7.69055
-5.37225
-8.23437
6.52017
-6.42206
-9.65966
-8.74073
5.91322
-6.47982
4.5322
-12.9582
-3.51897
-10.4035
-9.43673
-6.28224
-4.14957
-7.99427
7.75898
-5.63496
-6.00433
6.60412
3.74564
-4.46008
6.15688
6.26184
-6.06179
-8.97249
-6.95078
10.7689
-3.67444
-3.14814
6.20027
7.96032
10.5617
5.51797
-8.06166
11.096
9.30421
-6.88864
-7.42167
10.6097
-5.62974
4.89645
-4.27085
-10.5715
7.60688
4.50533
7.41106
-11.6882
4.72317
5.62002
-1.6192
-7.36596
-6.9768
-5.51019
8.72658
-6.6169
-7.78342
-6.37438
8.44861
7.67648
-4.08118
-7.50039
5.89254
-9.33051
-8.37691
7.70216
11.5494
3.10175
-6.39623
7.18862
5.99375
-6.14394
-5.88166
-7.49242
-8.8211
4.58716
-9.10338
11.1069
10.9577
-8.07472
4.90688
-7.19164
-5.58259
7.2841
2.92965
6.54639
-7.0227
9.34431
-6.89648
-10.4091
8.61868
8.84616
8.77166
8.62601
-8.53597
-7.35378
9.48887
-6.24208
9.47203
-3.74874
-6.3258
-6.41036
7.96364
-3.18754
8.52909
5.61841
7.05478
6.2527
-10.0099
9.98244
6.45667
9.79795
3.71868
-6.88354
-8.1424
-6.03721
4.79087
6.54272
4.8479
-7.10899
-6.35302
-10.3984
7.25348
-7.72151
-12.13
9.00906
6.68841
6.92143
-6.38791
6.92285
7.97966
-6.28509
4.31113
7.99385
8.75467
5.63247
-7.15687
-4.50176
8.35453
5.61008
-3.93867
6.90297
-8.2705
-9.93275
8.29301
7.08191
7.38077
4.70317
5.7463
3.43448
9.65347
5.61283
-6.70471
6.49548
4.58381
-6.19837
-7.43692
7.73432
5.12127
6.80008
-7.24872
-8.64933
-5.92112
-4.05431
-7.5135
7.01882
6.87206
7.4395
-8.25326
8.50698
6.63418
4.97659
10.9027
4.77084
9.39068
-8.95323
-7.34896
9.88895
4.14247
4.64029
-7.51038
-7.09661
-11.0758
-5.95105
-4.38115
-9.31045
-5.78438
-8.45927
8.41003
-11.4564
-7.24377
6.51021
4.91814
9.82022
10.3959
-6.76927
5.55877
-10.2627
-4.49845
-7.5903
-7.43988
7.2911
7.5333
6.0152
5.55488
7.86188
-10.2265
-5.21185
-8.24934
-3.90193
6.89693
-4.51852
5.93416
5.74911
5.88907
4.3867
-6.13885
14.6006
5.96611
-7.88004
8.33148
3.64224
4.89145
-6.86238
9.7134
6.1332
9.23026
5.55546
3.87234
5.91668
-6.08857
9.59535
3.93487
-4.60727
-3.4588
5.39461
13.5626
8.80472
5.96477
-6.20817
-5.25323
-6.81214
8.8217
5.84984
-12.3019
-11.6389
6.47972
6.03976
-10.6343
-4.41216
5.20897
4.54982
5.40813
8.8501
-6.67789
-9.00225
-9.64491
6.45839
6.97747
-6.67584
-7.94285
5.15456
5.11856
6.68195
5.04406
6.15676
8.97523
5.55904
6.9606
-6.93079
-8.5423
8.04871
4.93381
-6.37004
9.47283
-8.26413
6.62661
-7.23864
-7.231
8.26049
-5.05125
9.87218
-5.79383
5.32744
4.9103
6.4932
-13.1049
5.97654
-5.15376
8.32209
6.88669
-5.26259
-7.09376
8.15548
-7.63008
10.3705
6.43923
6.41755
-7.44235
-5.24147
-4.79018
-8.40162
5.61679
7.42649
-3.82751
13.4277
-11.106
-7.39609
-6.48725
-6.89259
8.91994
-10.1386
3.29582
-7.70074
5.15756
7.34831
-6.84768
5.71464
-6.01288
9.56434
7.2627
8.07172
-7.04871
-5.72211
-8.15325
-2.81311
-8.36895
4.13274
-3.37653
10.1677
-9.39909
9.05074
4.83994
4.29208
-6.89963
4.77411
8.49449
4.55382
3.72663
7.75181
-7.67248
4.92429
9.08223
-5.75027
10.7441
-8.4519
-7.86288
7.69825
6.56798
-3.32513
-7.78693
5.0426
7.29112
-6.17699
5.04206
8.80417
-14.7279
6.94829
-7.35879
7.27492
5.34937
4.7405
-8.13718
9.08726
11.9719
-4.10932
4.07926
-11.3246
6.69281
3.50433
-9.35424
-6.24007
7.83054
-8.47514
-8.70493
6.09464
-4.79018
-4.27939
-5.99826
8.2769
-5.45256
7.46238
7.74709
6.43546
4.83221
-6.15243
-3.80827
-11.7523
7.56624
9.88268
-6.95333
-9.41352
7.55464
9.91669
-6.49418
-8.44879
11.8061
-6.04266
3.70572
8.22009
9.64091
6.00223
5.58235
-5.1135
6.79459
9.51013
-9.1809
10.3881
4.19302
6.75774
6.11852
9.66338
-8.0464
-8.51876
-7.50756
10.0854
9.24197
6.50561
-9.48089
-3.55592
7.93124
-4.54793
7.18228
4.31512
-4.59037
-8.35023
6.24615
-6.91741
9.72614
6.42541
-4.93136
7.85426
-12.7773
8.63336
-5.69381
2.95913
5.7146
13.3674
-7.18632
6.34716
-7.93826
7.85262
-8.42348
7.86255
-10.1766
-5.65967
6.83952
8.9515
8.76362
-6.91239
-5.40437
4.24911
-8.7505
-3.42514
7.69418
8.25052
-4.39233
-1.32814
6.03751
-6.57163
-8.53211
-8.41736
8.91986
-4.34865
7.8138
-10.7869
-6.19548
-8.09348
-4.57191
4.36761
-7.72976
-5.22999
7.09657
-7.47175
4.40388
7.20265
7.29618
-6.21142
8.27531
-7.81495
-4.39256
-2.65978
3.95411
7.57246
-8.19521
-2.89545
6.31445
-4.5274
-4.0532
-7.18728
12.4453
-9.88064
-6.47284
-8.34913
4.8794
-11.3456
8.02127
-6.1456
6.87674
5.55104
-12.501
-12.1281
9.48277
-6.74047
-9.25386
4.82342
-3.87635
4.61127
-10.3417
8.85012
10.1457
7.13857
6.62069
-8.19415
8.70657
3.83554
-6.02331
5.47367
7.80972
6.30096
-6.92494
4.72383
-3.46169
-9.27344
8.95555
-8.00047
6.17079
-8.17831
-5.75489
6.62608
-6.19949
-4.28891
-7.2155
-10.0514
4.41192
9.98685
-8.16841
-5.8749
12.1343
-4.14016
6.93536
-11.8964
6.50153
-5.61342
-8.21899
8.05014
6.63836
8.6036
7.19924
-6.63151
-6.37658
-10.2482
6.06575
-10.8902
-7.25077
-7.69488
3.36179
-3.00308
-4.6664
7.9608
-9.27641
5.7279
9.1935
-7.74234
10.9128
3.95606
9.12596
7.9016
3.97166
10.7827
11.0788
3.58883
-6.37291
5.48816
5.48848
-9.89209
-8.02676
-5.18168
10.997
6.62426
6.06624
4.99429
-9.24269
-5.83212
8.74058
-3.49973
-6.76512
-9.44706
-7.20158
-6.73848
9.74269
7.80992
5.15608
-5.93812
7.36439
-7.42265
9.3091
-6.77695
-4.40363
6.04191
7.53579
-5.40415
3.5261
-7.73437
-5.0735
7.29378
-9.31423
5.42995
5.47179
4.35934
-8.82683
-7.04746
8.17802
-8.48733
5.77656
-6.60018
8.28517
6.64015
-5.52273
3.29046
7.66987
10.0774
-5.04299
-3.52929
8.06356
-6.89808
-4.55561
10.4626
-7.47963
-6.6933
-4.78107
4.00058
3.96497
5.71027
-8.40003
7.51988
7.38902
3.63186
9.24704
-6.6808
-7.99467
-9.48267
-8.20924
7.27431
-7.40019
-9.8112
5.43925
7.39566
-8.08929
-8.11562
5.41948
-5.67848
6.38563
8.86155
-3.2318
5.77603
-8.51014
-7.34785
-12.2647
-4.38298
-6.87757
-7.52535
6.77883
-4.79666
-8.8516
-5.39497
-5.67243
10.6769
-6.07285
-8.63341
-7.07377
-3.71498
-3.21136
6.88143
10.0683
-9.25296
8.71771
-6.8457
3.68705
8.30959
-9.06944
8.80779
-8.49451
-5.43036
-8.88972
9.23198
7.61384
-9.62501
11.5353
4.29457
5.12449
-10.3105
-8.30606
7.44128
3.76377
4.95125
3.73918
-9.20944
-8.67944
-8.52374
-3.58654
5.22987
6.74061
5.51181
7.56691
-5.08941
6.4545
-4.2763
-8.0384
7.66552
-9.17037
-7.31384
-10.9982
6.86299
-5.26705
4.75121
-8.7101
-4.50171
-6.45001
10.8372
7.23282
-5.06352
-8.15098
-4.05681
5.54688
-4.99099
-4.10135
4.52388
-5.87947
4.21896
-6.03602
-9.3899
9.31886
7.73361
6.76952
8.51099
-3.86032
-6.51957
-12.8196
-3.9549
11.4762
9.18947
-10.68
-5.81989
7.19108
-6.66821
5.80164
7.42423
-7.38893
-6.79672
-7.47776
7.40957
-6.81069
-7.90573
8.07772
7.06289
9.44292
-6.03124
-9.33636
-6.63143
-8.19094
-2.99374
5.74219
-6.12099
8.8415
-5.62627
-6.52513
9.70351
-7.20022
6.36996
3.97801
7.9853
5.91161
-8.45827
7.64607
7.85534
-8.1116
4.5217
-6.30145
-9.56274
-6.27155
-7.40968
4.29114
-6.36174
-6.90027
-5.07914
5.43269
3.09848
6.13946
-11.2563
-7.26904
2.82955
6.25526
-3.77571
-6.80884
-5.88679
-5.82764
-4.91131
7.2697
7.20908
8.15427
11.1351
12.0343
-7.40028
7.87273
-9.24661
-8.11447
-5.2644
4.33713
-4.25669
6.75761
-7.47508
6.47719
-3.95993
3.86308
7.76017
6.04281
-5.68488
10.6179
6.12854
4.26706
7.69114
3.14664
7.26884
-9.29733
5.23029
-7.71131
-8.55733
7.76893
-7.13982
5.56498
5.24096
4.96634
-5.71861
6.26669
3.05376
3.45929
-5.84327
-3.91435
6.13853
3.85296
6.5331
5.03827
-9.48411
-7.82795
4.21837
-9.19511
-4.90218
-6.87284
12.9043
11.8836
3.2843
7.86667
4.68591
-6.17755
-7.71268
-4.51045
-6.69745
-5.21736
-4.92973
7.25028
8.86458
9.61102
6.44357
-5.51021
-4.53813
5.76679
7.37037
-4.08102
-3.85347
5.05835
4.74918
6.74653
-6.93631
-9.53994
-6.74014
-7.90733
-13.6245
3.37143
8.01226
6.60379
10.0422
9.57954
-3.2307
5.64097
-6.78999
4.98438
-7.88327
-6.53291
-6.11239
6.27745
3.24443
6.01731
8.06266
-8.52236
11.134
3.31301
4.53358
-6.20905
6.99911
-6.78706
6.1049
7.19847
-6.75123
9.54409
-7.53468
4.76198
5.487
-10.0915
9.06463
-10.5724
7.58512
6.48521
-7.74775
-5.21402
9.71509
-3.27235
-6.64536
9.70625
-6.96705
-6.48292
9.25292
7.53085
-9.02868
8.24765
-8.22543
6.79277
-7.11357
5.27536
-6.90415
-6.41708
4.87078
7.62379
-3.03206
3.44523
-7.46195
-8.07338
7.81091
-6.77304
-12.1503
4.37787
4.17834
6.22008
4.37758
-7.3012
-4.70642
5.88243
-7.95215
8.99045
3.72175
6.55017
-7.22168
-3.44177
-13.6202
7.48711
9.88909
5.0746
8.27209
9.52316
6.31816
7.63115
5.53763
6.99103
-9.69103
5.39935
-9.80634
-5.66256
-5.9887
4.35361
-5.20636
7.50141
-3.28554
2.76027
-6.94004
-7.02355
-4.98881
-8.71724
-6.47468
6.53186
-5.15443
5.76923
-8.27897
-6.10118
6.3283
6.2259
8.06114
8.04678
4.71436
-6.7609
6.8065
-8.1546
4.88791
6.36005
7.74896
-6.90311
4.10927
-6.92746
5.74791
6.84743
6.14526
-4.33516
-10.1337
-4.79191
8.85613
-6.5995
-6.3037
-9.62945
-6.79704
6.02665
2.91408
-5.6082
-7.12066
4.82757
7.0442
8.39135
5.31094
8.17997
-6.88043
-5.86271
-5.81873
4.36809
-5.8012
9.34712
-7.09297
-5.41852
-10.4466
4.0742
-6.19774
-8.07362
7.70451
7.62944
10.4672
5.18544
-11.8057
5.84165
7.78821
7.92369
-6.94588
-10.9379
-7.37154
-4.80564
6.95721
-5.44255
-8.80994
-7.16209
4.77719
5.45757
-7.69684
6.42234
10.5241
5.18552
10.1576
-7.1516
10.7768
9.06844
7.46928
6.64857
-5.18964
-7.83226
-3.58249
6.00414
9.37776
9.21707
7.57836
-9.45556
9.47534
4.9371
3.09716
7.63126
-4.96236
-6.08246
3.21067
4.33794
7.1325
8.40971
7.42997
-6.32594
-7.90612
7.04797
9.54296
-7.84156
-8.20652
-9.16132
9.6196
7.44412
-8.55899
-5.53834
6.6599
8.36144
6.50763
5.25908
7.1963
-5.26674
-10.5534
4.97698
5.89589
6.98272
5.3606
-8.90919
9.75762
-8.12098
5.33374
-11.8752
8.75643
8.48174
8.87455
-8.11946
8.6073
5.84736
7.19412
-8.02852
-6.90987
7.95555
-7.63252
8.82434
-6.21923
-3.64217
-5.48698
-3.71043
6.22901
-6.8008
7.53408
8.77414
5.89655
-9.71043
11.156
7.57347
4.56817
-9.13418
4.5557
9.13708
-5.33548
-9.56312
5.44558
6.48699
3.46139
6.3022
3.53343
-4.56628
-6.06827
-8.05189
-9.2461
3.80076
-6.55489
-6.39132
7.6233
-6.95203
-10.488
-5.26104
-8.50755
6.43473
-4.78012
4.81946
5.65947
8.36534
-5.83722
-3.9804
-5.76309
-3.3926
-5.17809
-6.09049
-9.18817
7.75427
-6.77903
5.73526
-5.80839
-9.86287
6.06207
-7.70911
5.14255
7.95969
-5.89248
-5.83437
4.94039
5.37364
4.64839
-7.245
10.6637
-5.47417
10.4194
7.13239
-4.60629
4.51962
-7.86138
-6.0955
-6.90958
-5.46631
6.64701
8.13145
7.01328
-4.91911
7.3389
-4.80276
-4.28964
-5.68085
-5.09872
4.66686
8.59641
-5.33356
6.21079
-4.05166
5.94888
-10.7293
10.975
-5.4194
9.17182
-4.08471
-3.5296
3.82738
-4.00522
6.83292
-5.20693
-4.28706
-5.28698
-5.78741
-6.66275
10.0776
-6.69953
-9.2305
7.203
-8.27781
-7.17691
7.20551
5.3944
-7.26532
-5.15879
8.25554
-3.81518
-9.05405
6.05721
-8.4428
4.49712
6.36953
8.94062
9.23027
-9.80712
3.29356
8.8396
5.67916
4.82015
10.2878
-5.10061
-6.3771
6.63075
-6.79875
3.8694
7.78484
11.4901
-5.91312
-4.87974
-6.98837
9.93553
5.295
-8.90468
6.42058
-10.0903
5.52666
-6.52861
5.51201
-11.0519
-4.55784
-7.43746
-8.23825
-9.21459
4.12738
-4.76692
8.88144
5.01088
10.1579
8.5326
-5.60633
-6.47745
-6.93675
8.78438
2.56598
7.38445
-7.2664
-5.30745
6.9572
6.371
-5.22362
5.07099
4.57162
-6.26686
5.41545
-4.7547
5.30724
-9.32078
-8.88157
-8.5975
-6.34282
8.41208
-9.74324
10.304
-6.27828
-5.62052
6.29665
9.42256
-8.57978
-4.83114
6.21832
-5.07988
-9.16464
5.44381
4.95628
6.86391
7.83963
-6.14421
7.62245
9.01894
7.32408
9.87602
5.15631
6.8425
4.63287
-10.7084
-6.59197
9.64528
-5.48149
-5.70977
6.2525
-8.11412
4.21192
-5.62983
9.38356
-9.85023
-7.25272
-10.5129
-8.43694
5.6094
5.89821
-3.60788
6.23838
4.77316
-1.85993
-6.46636
6.18932
5.07594
8.44395
2.67404
8.83607
7.57533
-5.69571
10.4219
-4.7483
-7.41108
6.17399
4.24324
-5.76037
6.49687
-5.64892
-6.98149
3.31819
6.64676
6.18119
-9.66956
-11.9303
12.6143
9.6232
-5.27697
2.98755
-6.22977
10.999
-5.58171
7.62801
-9.10106
7.28204
7.58071
-6.69857
-3.52408
7.7881
-5.42081
5.12474
8.66043
6.81847
-6.57128
-7.96972
-5.79942
-4.41745
-6.69913
6.7379
-8.47283
-8.80952
-7.72354
5.5066
-7.1929
-9.46353
5.76869
-6.24802
-4.43014
7.74892
4.22341
4.29509
7.57131
4.11557
7.27414
-8.81967
-7.53349
8.66855
-8.62899
-4.07278
5.59133
-7.57363
-8.29994
-8.78292
-9.5728
-4.67727
-5.18356
6.70327
4.11081
5.93034
6.11081
-7.58559
-6.52243
-7.97644
9.168
4.31752
7.19889
12.7257
-7.76234
-6.89575
7.54244
7.54368
5.77547
-5.36967
-7.27417
-6.43065
-7.55713
-3.6302
-9.45952
5.37701
9.39181
-5.40304
4.36198
5.07758
5.5339
7.38254
8.33306
3.54839
4.45487
-8.53333
-4.39308
-10.7665
-8.49853
-3.51887
-7.7534
9.13699
12.9547
-6.65663
6.1463
6.56256
-5.07879
5.53349
6.74668
-6.98411
9.37667
-5.43914
11.2003
-10.419
4.32048
7.51572
-4.31775
-11.6927
-6.27471
-12.4966
3.34121
-8.68732
3.99399
-9.30336
-7.42601
7.83279
-5.75389
10.0946
-6.46488
-8.19585
5.55371
6.4934
6.24092
6.93566
-6.49368
-4.43804
-4.12295
-7.17211
-7.21721
-8.8166
-7.10344
-3.17877
-10.0457
3.57702
-5.47998
9.36336
-5.94961
-10.3047
4.77422
-9.45948
4.18359
6.01728
-6.64473
6.01934
7.26907
-7.80798
2.72911
4.99357
-6.68015
-4.32564
-6.71896
-9.99716
-6.34371
-6.33677
-3.93873
-5.46798
-4.6301
4.83004
4.54736
8.4819
5.79891
-10.6219
5.6021
-8.38462
6.38975
-7.86287
6.08926
-6.95218
-10.1725
4.23535
9.12023
6.78066
-5.53416
-2.71754
-6.06314
6.36807
5.00661
6.58233
-8.12984
-4.30141
4.78953
-7.91741
-13.2641
-8.8128
11.981
3.83922
-8.48009
6.50316
-5.94752
8.53658
5.85239
6.87076
3.63341
-7.12085
-11.6296
-4.6974
6.6531
-10.0701
9.91326
5.60306
6.41739
4.95925
4.17726
7.36358
6.40032
4.75014
-8.30901
6.46534
6.98626
8.1436
-7.69955
-12.06
5.27319
-11.5261
7.90512
-3.51047
6.17216
-5.75315
-4.48396
-8.34769
-6.7626
4.87257
5.84132
-3.76988
5.03454
4.25283
-10.264
6.91077
-7.01278
-4.72015
7.66112
3.95109
4.88964
-6.5394
4.80423
4.31631
12.2393
6.85072
11.5377
10.1069
-8.4465
-4.86042
-7.61081
8.21657
-9.83041
3.04609
-10.0668
-6.03592
-5.07639
6.762
7.19859
-8.91994
-5.23454
6.46404
-10.6671
-7.74574
6.75571
7.66145
6.34368
-7.67868
-7.38215
-5.68077
10.2414
5.12929
10.9499
7.324
4.4345
-8.64861
7.49613
-7.95009
-9.17376
9.22764
5.60627
-5.90218
3.56808
6.72805
-8.48902
10.7125
6.58181
-14.2426
-7.01395
-3.72428
-4.06654
4.95092
-9.99956
6.96122
6.27086
6.8968
-10.7024
-6.64756
-6.65719
-9.67825
-3.91278
-6.54581
-10.9489
8.83806
-3.86611
-5.70957
-4.48736
6.92746
-7.27922
7.36876
-4.36994
6.16044
7.00324
-3.74539
-4.64114
2.74425
-7.54385
-7.72082
3.76254
3.54681
3.16892
-7.24089
-10.3296
8.67208
-6.76564
6.73321
-7.2196
7.41804
5.8132
4.66637
3.00783
-4.05288
-10.7308
-7.69192
-9.07761
-3.98778
9.77504
6.46118
-7.4031
-6.69057
-8.78248
-5.36327
5.69976
-9.10404
-10.1293
-7.06829
-7.26105
10.0425
4.20875
-6.94017
-5.28369
8.9657
-9.40741
-8.28227
-5.1182
9.6971
10.2894
6.70201
-5.53492
-9.15516
-9.06027
-6.77937
-7.62928
-3.65898
7.11541
-8.44205
-6.86164
9.48251
7.35037
7.213
-4.41629
-3.85558
-8.8012
-7.17101
-8.6288
6.00707
4.64646
-4.27653
5.6542
3.66934
-9.88473
-6.77568
-8.5346
-9.48333
-5.41592
-3.55813
-2.79421
9.43688
3.05557
-7.22108
-6.2151
-4.6467
-4.8067
-8.86123
-3.78469
4.92761
6.25338
-5.87751
-5.61349
8.94487
-8.13324
-6.46168
9.88868
8.88264
-6.16335
-7.14641
-7.17727
-6.32663
6.67128
8.95239
7.98902
7.02632
-5.16847
6.90858
-7.99828
7.47766
-8.11608
6.89512
3.79801
-4.6595
6.41759
5.0722
8.42719
9.63489
-9.40604
7.95353
7.68945
-7.36384
3.51486
-3.6354
-7.0147
-5.83137
-9.70005
-7.81636
-9.38889
5.48101
8.52502
5.59079
-8.2349
-10.8049
-10.7413
4.38347
-5.47569
-6.08188
7.29728
12.3338
6.90634
7.3018
9.0956
5.40231
-4.23699
-9.29912
-10.9258
12.5715
6.41073
-10.3595
8.25465
-5.75035
6.59142
-8.07382
7.01526
3.33931
-6.58229
4.97475
-7.61668
5.57162
5.06773
-7.00811
-3.82263
-11.8067
2.85798
7.40756
8.44397
-7.08248
-8.68043
-2.87681
-5.90094
6.21342
7.55882
10.5634
9.48387
3.37595
5.75406
-3.75358
7.09549
8.33304
-9.3001
7.43307
-6.27517
-5.19495
-7.11025
4.24234
-9.58837
6.32045
6.09611
7.58759
8.59203
6.85924
9.54698
-7.92105
-8.29065
-8.21515
5.72728
-9.1499
-7.84407
-6.46003
7.38234
7.12199
7.96475
-6.60461
5.87685
8.02621
3.58884
6.76887
-6.45727
-8.53768
6.49815
-9.76029
5.20963
-9.39544
-7.70717
4.26111
-5.01843
-9.57863
4.70079
5.60669
8.53528
-6.59992
9.3453
6.4843
-6.86996
2.88778
-7.77522
-4.09689
5.11759
-6.78972
-6.27799
-10.4099
6.82323
6.28393
-5.87229
7.686
5.55576
-4.04983
6.33203
-6.35586
-6.44806
-7.38926
-7.12414
7.73266
6.01877
7.52396
-8.35469
-6.02919
4.52029
-9.36784
-7.78314
-8.80014
8.02496
-8.03284
-7.4671
-5.91436
9.24535
-6.55411
5.43462
3.69498
-4.44941
-6.36146
-6.64388
-9.44695
-6.03853
-6.75598
-6.65133
-4.22704
4.73548
-7.5975
9.27146
4.11854
-5.37438
-4.93638
-8.20403
9.15833
6.7976
-10.5599
-4.83029
-3.38798
8.39633
-6.31052
5.12683
8.12084
-8.97545
-5.83315
6.2873
-8.80457
4.45022
4.23875
9.92686
-7.60016
3.57536
-8.52651
-5.22372
3.26891
7.15632
-3.62429
5.31319
-8.62105
-10.3956
5.86581
5.26627
-9.60079
-9.81233
5.1193
-6.17339
-3.07603
11.6085
-7.05696
-7.32444
-7.50574
-7.62613
9.24135
8.34723
3.20888
-6.03701
10.1102
-4.84366
-7.69473
-10.7805
-7.09086
10.6663
8.58097
-7.49658
-3.93234
7.22461
-3.79228
5.19658
5.43287
-5.04569
-8.22282
5.58063
7.1605
7.04034
9.7818
-6.99139
2.07033
-4.42599
10.088
7.60563
-5.37589
-10.3375
-7.77235
-4.37653
-12.4403
-6.33002
5.75872
-8.45876
-4.94476
-3.81979
-6.54736
-6.30756
-6.4258
-4.2666
8.3464
-4.14133
6.44588
-8.08385
-5.70983
8.68906
8.65269
9.6026
-5.74401
8.01731
6.66291
6.21852
6.33299
-3.11298
-5.396
-6.32944
6.01724
-4.83195
3.97385
-3.37839
9.56664
-9.65463
5.53598
8.55852
-6.72385
10.0614
7.53676
-5.5721
8.00147
6.79049
-10.2371
4.22428
-7.01463
-7.63996
-7.35977
-5.70587
-7.39961
7.29203
-5.91942
7.30571
-11.14
7.62298
9.72112
-5.75193
5.66287
7.93595
-4.30722
4.13414
8.45584
7.71575
-8.09779
-11.4731
3.99065
11.9506
-10.339
-4.76174
-5.5701
-6.75738
6.69784
-8.04949
-6.46942
-6.88118
3.50293
-10.3378
-5.53599
-4.84781
9.31992
-4.68308
8.10488
-9.28113
-7.30606
4.65601
6.13083
8.00317
-5.1739
6.20371
-5.85733
8.76621
7.58859
9.8278
-5.65792
-7.20657
-3.98776
-4.06482
8.96564
9.07269
6.50835
7.93477
7.39013
10.2929
-5.35757
-5.77953
-9.55199
11.6789
-6.64457
-9.3939
-9.08906
-10.194
-8.17083
5.51237
-5.65628
11.7016
9.09398
-10.6687
11.4273
6.51707
-6.84497
6.75187
-6.39222
-9.2977
-3.67982
4.7015
-6.29913
5.74695
6.81628
-10.2428
7.96502
-7.36822
3.42453
9.01719
8.25205
9.86058
6.41136
4.74576
-7.40318
-12.5028
-5.48759
-11.4858
-6.84249
-8.5527
-6.15551
5.2861
-6.33999
9.70016
6.29117
-9.90787
4.32719
-7.21614
6.44994
-10.4803
8.42675
10.6233
5.41256
3.60699
13.7064
3.4987
11.2165
-8.32067
3.19406
9.70237
6.38691
8.49369
-9.31718
-5.25162
8.66445
8.85246
8.28222
6.37778
-3.88099
-7.41497
5.07599
-8.59866
-12.4596
4.64019
-11.552
-9.71309
-6.59688
-9.81592
-6.57566
-7.46652
-3.99364
-6.82979
-4.56685
-6.78381
-5.7881
5.36465
-5.66615
-6.35736
5.14284
13.2018
-6.42176
7.09424
-6.08349
6.8878
-10.2215
8.34316
6.37585
4.70456
9.54186
-8.65166
7.76219
6.43406
10.6064
-10.8105
8.12635
4.16122
3.22409
-7.03159
4.74915
6.00819
8.66456
6.85091
9.92154
4.12777
11.3651
4.25774
9.74332
8.63361
-1.6625
-5.50351
-7.96867
-7.60916
-8.83185
9.40509
-8.49261
-7.53884
7.44215
8.35814
14.1408
-6.0983
-11.1577
9.06146
14.5536
7.45711
-4.96692
7.35881
4.67112
7.42331
6.06587
9.64439
-8.34776
7.23414
6.96804
10.2259
-7.66995
8.56639
-4.36748
8.78076
8.57288
-8.26208
-9.89849
10.9003
-6.0864
5.13909
-4.82089
-11.0063
6.77922
-5.66576
5.4724
-2.90504
8.97627
6.93813
-3.86201
4.84413
10.456
7.82307
-8.72628
-8.8577
-10.2404
8.16399
-6.03998
4.1241
4.18475
3.97071
5.37986
-5.90319
5.71368
3.75486
-8.66095
-5.41305
-8.3401
5.53452
5.72158
-6.81243
6.76238
-4.79723
-7.81821
-7.96241
-7.85121
-4.93606
6.4436
6.67838
-10.6164
6.54946
-5.84263
-10.4988
-6.51546
-8.39481
-5.72784
6.91014
7.41559
-6.48209
-6.59508
-6.46923
-7.09705
-4.10764
-7.28419
-8.14496
6.58776
10.4029
-10.0607
2.93266
11.1713
5.83822
6.30348
5.81303
-7.15049
-6.32745
-9.43368
7.06577
-9.51546
6.96952
-11.6257
9.27688
9.21065
10.1001
-8.61031
8.83984
-7.02064
6.90242
-4.68604
7.2899
-3.3558
5.58156
5.23099
6.01938
5.69613
-4.28784
3.54259
-6.14672
-6.13413
3.76037
-6.79699
8.76142
7.59343
5.60876
6.69724
-7.44856
8.14311
-7.47535
-8.57176
6.48063
-4.81057
-5.29302
-4.49685
10.3119
10.9384
6.36759
6.16213
-8.56696
-4.86588
7.72364
-9.22953
-5.06935
6.04859
10.2343
9.95681
8.89677
9.23658
-6.7327
7.38162
8.1648
4.20402
-5.77424
-6.61078
-10.0631
-5.5619
5.94475
8.20233
-6.9426
-5.01106
-3.63274
-8.51794
4.72313
-7.89037
-6.84089
-4.89424
-7.52854
-6.58246
8.00018
5.37766
3.87106
-8.72729
-5.98181
-6.49835
8.31624
-6.22509
-6.72768
-4.89194
10.6743
-4.52914
-10.8142
-4.86101
-9.54902
-8.18664
-6.32494
10.8399
7.84398
-10.0478
2.67184
3.87939
-9.30269
4.20528
-9.45268
-6.78484
-5.0723
6.75046
-8.10158
-5.41125
9.03007
5.35847
6.37764
-7.10645
-3.64954
-7.33587
7.90745
7.19357
-5.85041
-5.72961
8.00363
-6.65493
5.22256
-4.13582
7.56781
-7.47081
9.36273
9.59
-7.26269
5.51924
3.23543
4.19956
-4.9081
-7.89015
10.8643
1.4229
7.80015
7.00198
-6.76434
7.28644
-7.06648
5.31428
7.9571
8.09504
-7.70639
-5.12514
8.13945
9.4958
-8.76593
7.13173
-6.00933
9.75288
-5.417
5.90325
3.09078
-11.6004
6.58022
12.9791
5.8518
4.57035
-5.20815
2.7665
-3.20954
7.37118
-6.84876
-6.89977
4.18976
-5.48586
-5.35454
-7.22739
11.1528
10.4782
-8.02224
6.40563
-5.70606
9.89305
9.03198
9.50439
9.50857
-4.68931
4.62155
3.18049
8.01481
-7.37577
6.49405
-10.1845
-6.89082
-12.0088
3.67843
-8.01443
-7.87068
10.6671
-3.32377
-8.43517
7.39541
7.16289
7.62824
-10.5897
8.15003
8.41474
8.27041
-7.14868
6.7852
9.16659
-9.67836
8.49735
6.6383
-9.87036
5.12061
6.87765
2.88904
5.0793
10.2017
-4.72347
5.82642
-9.40595
10.0803
-10.849
4.38686
-7.39591
-6.20692
-4.5754
-7.3199
-7.14986
6.1382
-4.55005
-7.11853
-4.78411
7.95905
8.15837
-7.18972
-9.76067
-4.97452
4.66917
-8.2772
9.20284
-8.02127
9.333
-8.35294
-3.77979
-5.43915
-8.89475
-7.88477
7.03843
6.72453
-7.4453
-7.44302
-4.47602
-5.02235
-7.30168
-7.19324
4.86542
8.11884
9.69671
3.6863
-4.82166
-7.25092
-6.20926
-5.98503
7.40621
-6.81895
-9.76009
-7.51695
-8.86895
4.73767
-12.3199
-6.53531
-4.60853
4.79981
7.41331
7.14461
-6.80958
7.27645
-3.20778
-6.80118
-5.5987
8.76782
3.95677
-9.23095
4.9871
10.2441
3.94777
5.33717
-5.27416
6.84815
-9.81277
-10.2516
6.28882
7.58194
-3.8486
-10.1098
-6.09713
-6.85081
7.38039
-10.0334
5.88276
-5.42655
-5.19235
-10.4132
6.82685
3.79882
8.4828
6.8109
7.35534
-9.22395
7.23839
-6.33044
10.9351
5.41814
-5.70474
-6.2529
-6.87282
-7.84138
5.62944
6.70083
-9.05963
6.7356
5.8189
5.96867
-8.56985
-8.94468
10.1296
7.80589
10.252
-6.71412
7.70148
-5.49544
-3.11044
-4.94392
-4.26699
7.339
-9.78799
-9.08415
2.6783
-5.76233
8.75646
-2.61312
-6.58542
-7.80137
4.05348
5.12103
6.14611
-4.14888
-9.2365
-9.50944
7.99702
3.77859
-7.47093
6.18824
-5.58242
4.09421
-9.08989
-6.21719
2.85979
-9.20143
-8.03664
7.90059
6.06016
-5.03745
-14.6973
5.97143
-8.31614
-8.08333
-13.2462
-8.98501
-10.4567
5.99313
-8.64973
11.5638
-5.82411
-6.46772
12.1876
-7.73367
8.30179
-4.31026
-6.93187
7.59598
-7.81712
-11.2335
-7.54628
11.2145
-4.98949
12.9117
3.89789
5.64939
7.34558
6.46089
3.55083
3.51252
8.46455
-8.85241
-8.76525
5.575
3.51851
-5.08991
-7.13681
4.65628
10.763
-6.55328
7.92889
-9.66166
8.01123
5.07169
8.71224
-7.17025
5.35093
10.0798
-5.0021
-3.50027
-7.62907
5.95135
-5.6475
6.79951
-5.68291
6.34266
6.57409
9.2035
7.735
-4.78406
-4.15122
12.0484
-7.14652
4.7012
-5.74573
8.64252
9.30713
-10.9868
-12.5678
-3.56943
5.09774
-9.54809
-9.47953
8.27481
10.2064
-7.67742
5.9096
6.92218
6.24656
-8.22931
11.6592
7.70532
-5.73267
-6.19544
-6.26374
-8.32029
-3.28538
10.4133
0.201293
-5.83656
8.24488
-7.57974
6.58924
-4.88181
6.14636
-7.55484
6.8623
-9.73861
-4.3788
-6.06297
7.67022
-7.74536
-6.73067
-5.02515
8.2732
-3.54701
3.19006
6.04567
-5.99271
-6.96231
-6.54095
-7.54763
-7.86215
-3.48896
4.51757
-8.48058
6.80668
-7.47635
5.77469
-7.55215
-4.37674
-5.28405
-8.04746
6.59622
5.02682
7.78663
-6.01354
-5.89449
5.71716
7.86199
-3.19182
-6.90407
-4.97625
-5.56454
3.51162
6.67101
8.09707
-12.1085
5.40433
5.85929
9.49661
-6.85227
11.5139
-6.34556
7.58449
-4.87373
-6.17469
-9.65699
8.74248
-3.86541
-9.99041
4.92543
7.46713
-8.00279
4.70329
6.25991
-10.3013
10.1466
5.93078
-5.89632
-11.8574
-7.70983
4.04451
-9.06774
9.01543
4.76914
-6.40134
6.09307
9.11963
8.99949
-7.54278
-6.91999
-5.31746
-7.7243
6.60845
-8.03435
-12.7066
-5.96
9.69244
-5.3721
-4.70355
-10.4615
-8.15292
-5.19024
3.75112
-3.3298
-3.29707
7.69297
5.08096
4.01271
7.54715
-7.805
6.03379
5.62553
-5.6094
-7.03013
5.02909
4.0191
-12.0159
9.22769
11.9364
7.85618
4.32019
-8.69389
6.39294
-4.23235
6.37936
4.99892
8.11971
-6.98954
-7.20493
-9.90812
-7.5276
-6.33305
6.72943
-10.9702
8.78487
-5.66032
-8.16983
5.68545
-5.83707
-4.9712
8.98783
-11.9478
7.56912
5.67464
3.27465
-6.32558
-6.0447
5.82847
-8.39627
-7.85419
-7.19796
-5.61513
-6.44688
7.75443
-9.40057
-9.19204
-7.98734
5.51579
5.74994
4.0021
-9.47306
5.5146
-10.3421
10.9456
6.35865
-7.74445
-7.37935
-5.34682
8.03432
5.44925
-5.41654
5.15393
-7.27659
6.11064
5.83331
-6.65879
3.6249
-5.23097
7.00644
11.7738
-5.18914
4.60455
-5.86381
4.87045
7.29928
-5.37094
-8.51113
8.22179
-9.17382
-5.71025
7.95241
10.3716
-7.77723
8.55804
10.6007
-6.78577
5.85578
9.6351
4.58133
-9.33051
4.70724
8.00483
4.25856
-9.47835
3.50474
6.83002
-7.58841
-7.8771
-6.36516
8.58414
10.5862
7.1383
-7.84006
-4.13033
7.39136
7.45532
8.76517
8.66608
-7.75069
7.2211
9.82884
-3.76728
-8.80141
-6.2653
-12.9193
5.09313
-8.46598
-6.02137
-9.69188
6.95746
6.69836
-5.18599
-5.46531
-7.84657
8.25539
5.11663
-3.87046
-6.70197
9.53904
-6.98722
10.1053
7.88926
-5.32131
-9.94577
-7.20077
7.76818
5.15315
6.73439
-6.89569
7.84444
-6.57258
-3.5207
5.65065
10.6109
8.60832
9.02196
7.09578
-7.68269
-10.9106
-9.32052
-5.59364
7.19617
-5.61181
-6.61642
-5.46284
-8.34213
7.22148
-4.77402
6.13023
7.93477
4.62509
-7.43057
-9.54853
4.99525
6.56469
4.0743
-8.32493
5.69593
7.63438
7.80781
11.9318
-5.79765
-6.90318
6.50708
-6.32629
6.83209
5.49964
-10.8867
-9.15526
11.0475
-8.82902
-6.56529
8.60455
-3.80068
11.686
4.05177
4.7056
4.84378
5.30011
-8.78329
-7.76774
-4.6151
4.27893
7.75803
6.96125
-9.60899
6.74192
-4.535
6.90681
-5.45284
6.16119
-5.45125
6.25744
8.8612
4.18998
-5.23122
4.98655
-5.25619
-7.71512
8.38652
8.6951
6.58054
7.77793
5.38243
-7.92825
-8.296
-7.4395
-6.07989
-7.60633
8.13743
6.76496
-3.45391
4.60003
-8.43049
-7.64164
4.9835
8.09506
-4.61163
-8.34048
-4.97972
7.1533
10.0595
10.2124
9.07478
-8.02525
2.87672
-7.18525
10.3935
6.96669
6.38655
5.11052
-5.3731
9.84063
-4.21345
8.22232
-7.60275
3.27548
4.65991
-8.04908
6.94429
3.61386
-5.96294
6.65737
5.45929
8.72476
-5.11688
-6.86353
8.70222
7.20875
-8.28681
-4.18203
6.93002
9.13815
5.1336
-9.53567
-7.20566
-8.01627
11.7842
-3.91202
-7.62066
3.54444
-6.02677
-5.49396
6.47064
-5.20332
-11.777
3.77214
8.98107
-6.09356
4.01292
-9.93167
-5.63659
-4.57624
10.8571
9.85247
10.6085
10.0296
7.63967
11.5201
-3.20745
10.0729
7.18638
-5.95987
4.79722
6.12153
4.80792
6.08928
-7.49471
4.94801
9.96885
6.26501
-8.53305
3.38887
-7.37099
7.16187
-13.2317
-7.02633
-9.66361
-9.555
-10.4411
6.43918
3.88913
-6.17582
-8.60568
7.66057
-8.76678
-6.16056
6.46855
-6.23435
9.56468
4.77319
-10.4348
7.04361
-3.7832
12.4028
4.96567
4.93477
-3.0722
-9.36855
5.32596
8.49495
-6.40402
8.89102
9.79627
-4.71995
6.86505
-7.45607
-7.56075
-6.03619
-11.4879
6.83184
-3.73815
7.91177
-8.40162
5.17577
6.55002
-6.65321
-10.1276
-5.37743
-9.11535
-12.9893
5.87105
-3.35467
-5.61734
-10.2166
5.56966
-10.1195
4.81049
-8.87896
-4.85765
7.23713
6.86815
8.67541
6.38072
7.32016
9.45531
-3.94751
-7.9343
6.57205
7.77897
4.5079
-4.97051
-4.70959
9.74028
5.75707
5.11665
-7.53717
-5.83136
9.05735
8.5441
-5.24202
6.37684
6.84146
-9.62059
5.50998
6.95373
-6.30029
-7.02539
-7.05067
7.55813
-8.62028
11.0798
-6.88787
-6.66431
6.4112
-5.04797
6.35475
8.08737
7.24624
-4.05628
-13.4158
6.08723
6.59253
-7.33172
5.64541
12.4069
7.79813
4.92021
-10.0052
-11.5706
6.16242
-7.81062
-10.6395
7.23576
6.36918
8.44522
-5.88056
-8.98169
-7.37143
8.32191
-5.28569
5.1747
7.20596
-10.6396
7.77953
4.91153
-3.78997
-9.13362
4.14988
-9.29694
-5.87455
6.37193
-7.44877
6.83532
-4.7944
-5.20586
-6.77405
6.85352
-3.38941
-6.48989
3.98786
6.42555
-8.62957
7.2486
-7.19695
7.4065
5.31744
6.70915
4.99977
5.08254
4.15687
-1.27222
-6.36436
-7.55485
4.32357
8.59816
-9.49037
-9.01454
-6.13731
-11.5334
4.8528
-7.57979
7.65374
-5.10265
5.51941
8.87683
-5.32198
-3.73831
-7.08679
7.78149
-11.1922
10.9941
6.97154
-3.68697
-8.09301
6.73332
4.7566
-7.94189
6.08844
-6.36123
5.42859
5.85646
4.96347
-10.7194
-6.77629
-9.79386
5.9425
-9.25365
-7.75986
-8.12286
8.01727
5.47032
-5.43927
6.9484
-7.03346
7.44513
-9.46225
6.9071
-6.15781
9.52763
9.52093
-9.70041
-4.06376
-10.2971
4.41483
-6.87273
8.33379
-9.36149
7.10436
6.98143
-6.25075
-10.8661
-8.58167
5.65591
-4.70157
-4.41257
5.74232
-5.52019
7.18482
7.94907
-12.1958
3.99031
-7.35735
-3.67833
7.10971
-4.82786
7.56007
7.72217
8.97346
-6.66063
-11.1699
5.85491
7.46383
-3.12244
10.9687
10.6393
7.91554
-10.5687
7.66758
4.31149
-6.87634
-8.28281
-4.49746
7.4805
5.50073
-5.90254
-5.28231
-10.0011
-11.1248
5.51512
4.65753
-7.72471
8.60323
-7.47692
4.09021
7.34434
-5.05587
-9.85158
-8.27035
-5.57675
4.29656
-4.26794
-3.32763
-9.21502
5.77284
-7.48998
6.9681
5.45241
11.7752
6.20533
7.17692
-7.33564
-3.45231
4.46806
6.02517
-7.45183
4.17626
-8.69557
3.74746
-4.24673
-8.80421
-5.70357
10.9407
-5.19032
-7.76132
3.2138
-5.22404
-5.76488
6.20393
6.6225
7.10968
6.25673
-3.61438
-6.41233
-2.92884
-3.55765
5.63118
-5.93895
9.81675
6.83518
-6.32552
6.27611
4.10282
5.51756
5.2085
5.6454
-8.35077
-8.10949
-4.59247
6.96546
-6.13675
8.21841
8.09705
6.24036
-6.88695
-8.40315
-7.25656
9.14072
-4.67005
-7.62275
-7.26538
6.73957
-3.90804
9.73452
6.19231
-8.09042
-5.88569
-4.10797
-7.91398
4.46906
10.0379
5.84951
-4.51052
-4.64957
-8.06875
-9.23554
-4.69492
-6.42993
8.05436
-12.7643
-6.92051
3.98211
-4.83741
-8.70373
-6.81147
-10.6851
-4.34879
-2.88542
-3.25471
7.71528
-8.43625
-6.94014
5.85205
4.47206
6.37724
-9.04662
7.64302
-8.89877
-8.71086
8.52027
9.38002
3.93218
-10.4319
3.60273
8.83083
-8.85305
-3.04932
8.48067
5.47527
6.52104
6.67951
4.78571
-9.05018
8.37439
8.70357
-8.47095
-9.70577
8.89452
9.33477
9.4194
3.30128
6.05144
2.85077
-6.1684
4.48719
-3.8736
3.45483
-8.45579
8.74454
4.86004
3.92237
-5.38617
-5.78933
-6.11628
-9.11466
-3.40474
-6.71491
3.71696
6.20664
4.61683
6.0195
-7.04689
5.43854
-8.98379
-9.22492
-8.21309
10.3874
-6.2314
-7.51281
-9.88661
-4.26675
-6.93759
-8.30108
5.76295
8.39972
5.62479
6.47956
7.83466
-8.15851
6.37802
7.10775
5.53324
-5.65137
8.43692
-8.06262
-9.79776
-7.78501
-3.82747
-9.39861
-8.81871
7.58671
-5.57175
9.5417
-7.11078
5.86126
4.73375
7.35014
-5.39169
-7.72534
-6.39467
6.54688
-7.08593
12.2854
-7.44807
-7.25628
-7.17132
-6.29304
5.32202
-7.44644
-8.24659
3.22472
-7.03472
3.52951
7.47666
4.46209
8.87549
-5.72094
7.72144
5.67419
-6.4378
-3.78704
-4.95862
-6.14839
8.4432
-3.25612
-8.44916
7.8734
-5.20026
-6.34668
3.47045
-7.02841
4.84929
4.38843
5.29307
-6.63818
10.5092
7.44866
-4.49531
8.28352
6.15602
-8.68997
-4.35374
-6.71453
8.66322
4.19925
4.53906
-6.44602
-5.84054
-6.11027
8.83417
-6.2151
5.74341
-8.40176
-6.31824
-3.68439
4.62852
4.12852
5.65649
-7.08572
5.79052
-6.19891
-6.52177
-5.60254
8.68829
-7.98007
3.42618
6.91569
8.30741
3.83712
7.31877
6.89269
2.24721
-7.73945
-9.12192
6.30855
7.97528
-7.70967
-7.07595
5.76199
-5.28175
-8.4989
6.98833
6.16024
-2.87134
-8.48196
12.9766
-6.61316
-3.91976
5.60629
5.7418
-10.855
4.19038
5.26919
5.97565
-6.98356
-5.61669
-5.77095
-5.49392
-4.91021
-5.11088
-10.1634
-4.02478
5.27286
-9.42196
-3.75888
9.71839
5.53046
-10.0747
-7.46756
6.44346
6.42955
6.13916
7.10331
7.73861
8.2869
4.45284
5.92905
9.67348
5.54178
-5.89831
-5.95902
5.73883
3.69648
9.34606
-11.0354
6.71401
-5.27156
5.92253
4.993
9.19369
-9.86098
-6.78955
-5.81911
7.1883
-7.3107
5.1466
5.42329
8.62577
-3.25036
10.4327
-7.61702
9.4139
8.04052
5.72053
-7.16353
-7.46232
-6.14972
10.7636
-6.64269
-9.3304
-7.86931
6.21255
5.58463
-7.54395
-12.5941
8.0136
-4.11369
-4.89275
6.37935
-4.44963
5.18306
9.34163
-6.53838
10.0587
-7.35502
3.62365
-9.34493
6.37855
8.04276
-6.40603
-10.759
6.03485
-6.32201
5.36026
6.17904
6.58936
-3.81101
9.83782
-6.86253
-4.77638
-6.83287
6.92494
7.97429
7.59374
6.187
-12.2473
-8.36686
6.57816
8.05033
8.65552
-5.08193
-5.45524
4.42196
4.19354
-8.15634
5.03296
-6.33507
-12.4445
4.4272
5.38815
5.83256
5.6548
5.18688
-6.64549
-8.46208
-7.677
-6.47033
-11.2452
6.13524
7.3078
4.66357
11.5069
-4.38588
-10.9987
-7.7955
-8.33511
-8.12652
-8.91534
8.54982
-5.04451
-7.37596
6.21426
8.12467
5.25492
-4.58007
4.10647
-5.69348
7.65148
5.536
-10.5432
-7.42941
-7.36162
-7.96597
6.97888
-7.45912
-8.39834
10.6522
9.34637
6.28731
6.00161
7.42635
6.47313
-7.67892
5.30646
-8.0097
-6.87252
-6.48858
-8.72142
-7.65143
9.85397
6.07096
-9.22685
15.7204
-7.77455
-9.50027
-4.73676
5.91015
-7.56598
8.6252
5.72583
-8.26765
-4.02201
4.53822
10.2792
5.31588
10.4958
-9.05581
10.6557
-4.71066
-4.81973
6.15952
4.16037
9.86989
-5.3823
-12.3314
-3.96556
8.07787
-5.9976
7.02536
4.93119
7.54347
-8.38768
-6.80298
11.5608
-8.425
-7.4256
-5.04525
7.34149
4.68744
4.96289
-7.40268
-12.1868
-8.05318
-4.98361
3.8813
9.88778
9.02346
-9.4933
-5.5147
-10.6177
-5.29667
-5.5027
9.68836
10.9678
7.35831
-7.56967
7.58369
4.99382
6.45501
7.34485
7.20802
-10.2085
11.8008
-4.90596
6.79388
-9.64847
11.6591
8.81319
7.42185
-7.18046
-6.13752
-4.37862
5.38269
6.35688
5.01734
-5.86568
7.73983
-9.15665
4.83068
5.58151
10.6432
8.88455
-5.12787
9.25844
-8.11481
-5.4624
-6.34901
5.26506
9.66694
10.6302
2.66014
-2.95957
-8.81997
-7.84371
4.19938
5.82408
-4.89618
5.92986
-9.501
3.71053
8.36413
5.93115
-4.79401
4.55352
3.6591
5.69223
4.8492
-7.03523
-9.24705
6.2852
8.4817
6.52952
-6.12843
-3.82518
-8.98651
-6.50743
-7.33187
-7.89701
4.99678
-4.50105
7.36845
5.37685
-4.03315
5.70974
-10.4464
6.94313
-6.81293
5.32472
3.82296
6.33102
-10.0984
-7.05412
-2.88703
7.02718
7.09246
6.52071
-3.36746
11.2891
-10.7796
-7.78335
3.86382
-9.12029
3.77441
-5.56234
-7.39428
-5.79566
-10.062
-9.59767
-6.99007
7.36108
7.48759
10.3837
6.25661
5.6915
-10.1677
-9.13972
-10.7604
6.83416
-5.75947
7.81681
-8.43525
-6.18753
-5.11451
3.36989
7.47318
-5.74109
8.19549
8.98368
5.74229
10.7973
-8.93156
-4.79748
8.82792
-7.78372
4.43931
7.24779
7.09612
7.21739
-6.52145
4.13932
-5.22715
-5.7616
11.5387
-8.2994
-8.82065
6.85034
6.42606
6.39289
-7.63001
-7.88523
-7.76134
-9.6123
6.26723
9.55499
3.94762
8.76737
-9.64114
-8.30458
10.2219
-4.43859
6.94382
-6.20251
-4.43096
-9.41964
4.37565
6.96586
-7.45509
-8.89755
-7.29255
8.30888
11.4394
2.27194
-7.62051
8.35515
-6.89525
-8.5154
-10.2962
6.04781
6.5056
9.96926
6.56078
10.578
4.23697
6.32257
-4.10265
6.52613
-4.99977
8.06491
-6.46408
-7.01328
7.39996
7.01291
9.98917
3.94864
7.31964
-6.64622
-5.66644
8.16617
9.48484
6.62786
-3.92316
6.68202
-6.66611
-5.544
7.04598
6.54858
5.28039
9.92957
4.75097
8.98024
5.58052
-6.7551
7.90474
-10.8356
-7.74295
-6.11304
-7.65544
8.23177
-5.35779
9.42004
6.19733
2.90537
5.43925
-12.0208
-8.95097
-3.7823
-4.69505
7.99142
6.7873
6.07425
-6.31844
6.13982
-4.81354
5.37999
7.90652
-6.11751
10.1751
-12.7931
9.40928
8.21231
-8.18989
-8.26134
-5.20042
-10.3147
-8.75204
8.32997
-11.1846
-7.18642
5.59521
14.1888
-7.24151
-5.13054
5.89901
-6.38564
-3.57711
-8.35665
7.51675
-7.28331
-6.31222
-6.92692
-7.48622
3.76508
3.41175
8.50248
6.24142
4.19536
3.02439
-7.62345
-9.51081
-5.79062
-5.61296
-3.01343
9.09346
6.15632
-6.07971
-10.052
-7.43431
-4.79628
11.2369
8.85094
-6.70136
-5.32447
5.66911
6.90676
-8.79893
6.04173
-7.98614
5.19188
4.12624
4.4017
6.44045
8.47048
6.15566
5.73861
-2.96515
3.57098
8.04307
-9.30609
-6.27278
-7.77269
-6.0914
-7.65125
-6.47832
8.05266
-6.03701
-4.56858
8.04458
-11.6247
-5.19849
8.9609
6.28963
8.22015
-7.61333
10.4099
7.20462
-6.64217
-6.90127
4.43724
-6.10697
-8.4653
-6.77975
4.76672
-3.51551
-8.33468
11.0357
5.51609
-7.79599
6.72011
5.74175
-3.18414
4.86552
4.90989
4.29726
-7.81187
-4.44463
-5.37767
-6.47925
7.6552
-2.54119
5.84797
6.26112
-5.94292
-7.35923
6.10779
3.41786
7.38575
-7.49427
-6.71228
6.51404
-6.43834
4.64843
-6.19716
4.08858
5.95751
-6.51776
5.92969
8.03781
6.41675
-7.27935
-5.23149
5.68824
3.10139
-10.0362
-5.15243
8.19626
-5.04144
-3.69389
5.27703
-6.59276
3.27037
-8.24629
7.29967
6.74498
8.17089
-4.23747
8.60626
3.52989
4.70977
-7.86057
-6.44337
-7.61115
-6.58354
5.61215
6.0944
6.2102
-10.0681
5.36158
8.56445
4.56672
6.86323
-7.6758
-5.6351
-11.2562
6.08479
-7.7566
6.7656
-4.62795
-5.5896
-8.30118
-4.99382
3.44279
-2.67703
6.69218
4.98703
13.2837
4.38006
-9.10794
-5.14673
-7.13059
7.92694
-6.60705
-9.16845
-8.79778
8.43177
9.16246
5.47739
2.75583
11.2172
-11.1513
7.18925
6.87504
-6.79087
3.04033
-8.57376
-7.77801
10.0349
-3.37351
6.914
-7.57313
7.798
-8.6982
6.83071
-3.83442
9.45991
-3.79776
5.84315
7.63759
-6.03723
-8.79876
9.48587
7.80583
-6.95967
-9.92562
-5.96941
6.24803
-5.73856
7.14443
-6.78257
-6.10149
-10.9472
4.66964
-5.73323
8.52079
-6.75232
-7.7888
2.40594
-5.523
5.39789
-8.0595
-10.9896
-7.24819
-8.50893
7.2034
7.99236
-4.13533
9.66662
6.92991
3.8262
9.47074
5.04338
-5.33439
4.23381
-6.30508
9.2871
8.88533
-4.16656
-8.80154
-8.25852
-12.4299
7.03834
6.36928
4.94136
-7.31508
-5.49827
-5.68666
-10.937
-11.545
-7.20116
-7.8884
6.4053
-8.72065
9.33026
9.33001
6.06291
6.66951
6.29852
-5.35471
-8.42364
8.42434
4.21556
-5.44054
6.1262
-7.8755
-9.38195
-8.9482
9.17307
8.38208
-10.087
6.5495
-7.6285
9.75684
8.53564
-8.87959
12.3067
-9.95167
-3.62577
5.19183
-7.23569
7.40958
-7.83815
5.93101
-11.0223
-3.57238
-7.99982
6.26337
-3.85649
-4.68678
-7.38927
6.08014
6.91502
-5.33883
-4.81154
-5.68602
-7.47412
6.64204
-8.91826
7.66004
-3.87605
-8.93236
-7.47308
-12.269
-7.56565
-12.4937
-6.21499
8.39036
8.94523
-7.20241
10.4267
-6.37943
5.75878
-4.1949
5.51745
-5.48137
6.46419
3.80533
-4.82763
7.27323
-5.17623
-4.07704
11.7397
6.57926
-8.4556
-5.1775
-9.47103
6.18203
-7.63204
-7.59382
-7.7675
-8.47028
8.09556
5.90324
-6.21563
6.94493
-10.3503
4.78586
9.61035
3.84899
-4.886
3.24491
-6.02236
4.38399
-5.11464
2.3099
7.41012
-8.81609
-4.8097
7.94919
-6.12569
4.6606
11.8148
7.13817
4.27649
8.27246
-4.17781
8.34446
-5.09637
-7.62586
-3.88599
-11.9682
5.80732
-9.67257
-6.34584
5.41797
-3.74341
-4.84085
-6.63356
-9.05022
8.28765
8.24079
-8.8852
-4.60074
3.08441
6.45214
9.62701
-7.67339
10.0652
7.77434
4.76304
6.45163
6.34108
7.62656
-5.9658
7.71441
8.70468
6.24716
7.51698
-10.1702
8.91685
-6.51087
4.35166
-6.10563
-10.7928
-9.63052
-8.17054
3.82535
9.9771
-8.29902
-3.36949
6.92484
10.1183
-14.8441
-7.36069
-5.89782
7.6333
9.33448
9.99744
-5.06092
6.62745
7.07047
13.0235
-7.70894
9.09221
5.485
-8.69233
6.23835
12.2776
3.31936
-5.9181
-5.29631
-3.66703
5.11894
-2.30833
-6.72128
6.8844
8.56995
-3.24248
-7.61299
7.54874
1.52612
-4.06594
5.67143
6.69548
5.23337
7.7864
10.0027
5.61142
-7.41648
9.44692
8.11261
-4.62858
8.93981
-7.93915
5.3334
-7.24782
10.1892
-6.44873
5.26903
-4.32779
11.6246
8.80375
-8.27762
8.86721
8.40876
3.34565
-6.07175
4.92423
-3.33602
-9.72215
8.19144
-6.51182
6.33598
-4.15659
-10.8571
8.75156
-6.9195
7.0395
5.77875
-6.92812
4.1239
6.73742
-6.81715
-5.7738
9.94781
9.83664
11.042
5.86906
8.30715
-5.30683
9.37358
-7.67045
7.11547
-5.37012
-10.6613
5.56219
8.18864
-6.92531
-5.23506
-8.95574
5.58861
7.73892
-7.54239
7.75148
6.18038
9.96027
-5.61978
11.3322
-3.42445
-7.86433
9.61318
-5.60334
-8.01571
7.19188
-6.65777
-6.81929
10.0934
-5.35964
7.2358
7.3367
3.99372
-4.57601
6.46996
5.52877
-8.48424
-5.94257
12.3993
6.33427
6.57566
-8.23112
9.13979
9.38249
4.94638
9.08621
-12.309
-8.49824
-7.83131
-5.63518
-6.67279
7.20218
-8.50838
-9.3787
-5.80759
-8.73391
6.13183
4.32524
-5.86391
9.74185
4.76845
-11.5101
8.00299
-4.93103
5.83705
6.52499
5.36211
-3.99013
4.73586
10.3246
11.6839
-0.209307
4.06451
-12.9018
5.31648
-8.69964
-4.03918
-9.81951
-5.2167
-3.79093
-4.15403
-10.4129
7.95774
6.43197
-7.59323
-5.92817
6.41709
7.80883
6.59062
6.73737
6.34934
7.16583
-7.80142
5.46256
5.47811
5.82528
4.5536
-10.9231
-5.49381
5.39379
4.44495
-8.29483
3.13595
4.5871
9.43056
-5.39027
-5.36533
8.63443
6.94703
-7.57438
7.99256
5.4689
5.60974
3.05864
7.16566
6.30239
3.71023
5.97049
9.714
5.0983
-5.746
9.906
-7.24375
5.22218
-7.10517
-7.90826
-8.9376
11.1625
-5.78683
-6.40171
6.04442
-6.73432
-5.20897
7.13404
-5.7316
8.35886
-5.99613
-5.39553
9.91538
-3.59503
8.78986
-8.58526
-5.40998
-7.39768
-7.72275
-9.60283
9.17958
5.88431
4.20692
-7.64556
5.59761
-7.78306
9.73902
4.4828
6.01041
